10.8265, 14.12866, -11.16759
10.94742, 14.19136, -11.07431
11.06676, 14.25261, -10.98119
11.18454, 14.31245, -10.88827
11.30077, 14.3709, -10.79554
11.41547, 14.42799, -10.70303
11.52866, 14.48373, -10.61076
11.64036, 14.53817, -10.51872
11.75057, 14.59131, -10.42695
11.85932, 14.64318, -10.33545
11.96662, 14.69381, -10.24424
12.0725, 14.74322, -10.15332
12.17696, 14.79142, -10.06272
12.28003, 14.83845, -9.972431
12.38171, 14.88433, -9.88248
12.48203, 14.92906, -9.792871
12.581, 14.97269, -9.703618
12.67864, 15.01522, -9.614729
12.77496, 15.05668, -9.526214
12.86998, 15.09709, -9.438082
12.96372, 15.13647, -9.350342
13.05619, 15.17483, -9.263002
13.1474, 15.2122, -9.176073
13.23738, 15.24859, -9.089561
13.32613, 15.28403, -9.003473
13.41367, 15.31853, -8.917818
13.50003, 15.35211, -8.832603
13.5852, 15.38478, -8.747833
13.66921, 15.41658, -8.663517
13.75207, 15.4475, -8.579659
13.8338, 15.47757, -8.496266
13.91441, 15.50681, -8.413343
13.99392, 15.53522, -8.330896
14.07233, 15.56284, -8.248931
14.14967, 15.58967, -8.167451
14.22594, 15.61573, -8.086461
14.30117, 15.64103, -8.005966
14.37536, 15.66559, -7.92597
14.44853, 15.68942, -7.846476
14.52069, 15.71254, -7.767488
14.59186, 15.73497, -7.68901
14.66204, 15.75671, -7.611045
14.73126, 15.77778, -7.533597
14.79952, 15.79819, -7.456666
14.86684, 15.81797, -7.380258
14.93323, 15.83711, -7.304373
14.9987, 15.85563, -7.229015
15.06326, 15.87355, -7.154184
15.12693, 15.89087, -7.079884
15.18973, 15.90762, -7.006115
15.25165, 15.9238, -6.93288
15.31271, 15.93942, -6.86018
15.37294, 15.9545, -6.788015
15.43437, 15.96675, -6.716539
15.49791, 15.97512, -6.645856
15.56415, 15.97887, -6.576064
15.63343, 15.97748, -6.50726
15.70597, 15.97052, -6.439546
15.78193, 15.95764, -6.373028
15.86143, 15.93846, -6.307824
15.94459, 15.91261, -6.244063
16.03148, 15.87968, -6.181895
16.12218, 15.83923, -6.121486
16.21676, 15.79077, -6.063029
16.31527, 15.73376, -6.006742
16.41772, 15.66764, -5.952874
16.52409, 15.59178, -5.901705
16.63432, 15.50555, -5.853549
16.74825, 15.40828, -5.808749
16.8657, 15.29931, -5.767683
16.98637, 15.17799, -5.730752
17.10988, 15.04368, -5.698383
17.23576, 14.89581, -5.671015
17.36343, 14.73384, -5.6491
17.49222, 14.55731, -5.63309
17.62139, 14.36583, -5.623436
17.7501, 14.15911, -5.620578
17.87743, 13.93691, -5.624942
18.0024, 13.69912, -5.636939
18.12396, 13.44569, -5.656959
18.24103, 13.17664, -5.685374
18.35244, 12.89211, -5.722541
18.45699, 12.59229, -5.768798
18.55344, 12.27745, -5.824474
18.64048, 11.94794, -5.88989
18.71674, 11.6042, -5.965365
18.78079, 11.24672, -6.051229
18.83111, 10.87611, -6.147824
18.86607, 10.49304, -6.255518
18.8839, 10.09834, -6.374715
18.88246, 9.695342, -6.508044
18.85941, 9.298469, -6.666097
18.81557, 8.913235, -6.847693
18.75096, 8.542945, -7.051279
18.66542, 8.190065, -7.275039
18.55884, 7.85669, -7.516964
18.43126, 7.544687, -7.774889
18.28284, 7.255745, -8.046533
18.11395, 6.991378, -8.329518
17.92509, 6.752927, -8.621401
17.71694, 6.541553, -8.919687
17.49029, 6.358234, -9.221855
17.24611, 6.203757, -9.52537
16.98549, 6.078718, -9.827704
16.70963, 5.983514, -10.12636
16.41986, 5.918346, -10.41886
16.1176, 5.883217, -10.70281
15.8044, 5.877931, -10.97588
15.4878, 5.870797, -11.24401
15.16781, 5.861798, -11.50713
14.84446, 5.850918, -11.76513
14.51776, 5.838141, -12.01794
14.18773, 5.82345, -12.26544
13.85442, 5.80683, -12.50754
13.51785, 5.788268, -12.74416
13.17807, 5.767748, -12.97519
12.83511, 5.74526, -13.20052
12.48903, 5.720789, -13.42008
12.13988, 5.694326, -13.63374
11.78772, 5.665861, -13.84142
11.4326, 5.635383, -14.04302
11.07461, 5.602885, -14.23844
10.7138, 5.56836, -14.42757
10.35026, 5.531802, -14.61031
9.984057, 5.493205, -14.78658
9.615288, 5.452565, -14.95627
9.244038, 5.409881, -15.11929
8.870399, 5.365149, -15.27553
8.494472, 5.318371, -15.42491
8.116357, 5.269547, -15.56734
7.736161, 5.218679, -15.70271
7.353995, 5.16577, -15.83095
6.969975, 5.110826, -15.95196
6.584218, 5.053851, -16.06566
6.196847, 4.994853, -16.17196
5.80799, 4.933843, -16.27078
5.417778, 4.870828, -16.36205
5.026344, 4.80582, -16.44568
4.633827, 4.738834, -16.5216
4.240369, 4.669882, -16.58975
3.846116, 4.598981, -16.65005
3.451215, 4.526148, -16.70243
3.055819, 4.451402, -16.74685
2.660083, 4.374762, -16.78323
2.264165, 4.296249, -16.81152
1.868227, 4.215888, -16.83167
1.472433, 4.133702, -16.84364
1.07695, 4.049718, -16.84738
0.6827996, 3.964133, -16.84381
0.2936813, 3.87778, -16.83705
-0.0905315, 3.79096, -16.82707
-0.4698662, 3.703704, -16.81395
-0.8443522, 3.616049, -16.79774
-1.214019, 3.528032, -16.77854
-1.578898, 3.439687, -16.7564
-1.939019, 3.351053, -16.7314
-2.294415, 3.262162, -16.7036
-2.645118, 3.173051, -16.67308
-2.991161, 3.083752, -16.63991
-3.331005, 2.983063, -16.60501
-3.663125, 2.865388, -16.56896
-3.985798, 2.727742, -16.53216
-4.297228, 2.568773, -16.49495
-4.595638, 2.38814, -16.45757
-4.879318, 2.186137, -16.4202
-5.146649, 1.963473, -16.38303
-5.396115, 1.721135, -16.34619
-5.6263, 1.460308, -16.30983
-5.83589, 1.182322, -16.27406
-6.023675, 0.8886281, -16.23901
-6.188546, 0.5807718, -16.2048
-6.329497, 0.260385, -16.17154
-6.445628, -0.07082462, -16.13932
-6.536149, -0.4110801, -16.10827
-6.600381, -0.7585412, -16.07848
-6.637765, -1.11131, -16.05004
-6.647863, -1.467435, -16.02305
-6.630365, -1.824919, -15.9976
-6.585095, -2.181725, -15.97376
-6.512015, -2.53578, -15.95162
-6.411234, -2.884989, -15.93124
-6.283009, -3.227237, -15.91268
-6.127753, -3.560402, -15.89601
-5.946043, -3.882365, -15.88127
-5.738616, -4.191022, -15.8685
-5.506385, -4.484295, -15.85773
-5.250431, -4.760149, -15.84898
-4.972009, -5.016603, -15.84227
-4.672552, -5.251748, -15.83759
-4.353667, -5.463763, -15.83494
-4.017131, -5.650935, -15.83429
-3.664891, -5.811674, -15.83561
-3.299053, -5.944535, -15.83885
-2.921877, -6.048235, -15.84396
-2.535762, -6.121674, -15.85087
-2.143235, -6.163949, -15.85948
-1.746929, -6.174377, -15.86971
-1.34957, -6.152512, -15.88144
-0.9539479, -6.09815, -15.89456
-0.5628939, -6.011351, -15.90893
-0.1792537, -5.892444, -15.92441
0.1941425, -5.74203, -15.94086
0.554188, -5.561114, -15.95848
0.8980706, -5.351017, -15.97727
1.223344, -5.113205, -15.99697
1.52775, -4.849299, -16.0172
1.809193, -4.561094, -16.03758
2.065739, -4.250555, -16.05772
2.295629, -3.919805, -16.07724
2.497285, -3.571109, -16.09577
2.669253, -3.206988, -16.11309
2.810048, -2.830681, -16.12972
2.918884, -2.445025, -16.14549
2.995203, -2.052879, -16.16028
3.038728, -1.657121, -16.17396
3.049458, -1.260611, -16.18641
3.027654, -0.866168, -16.19755
2.973834, -0.4765386, -16.20728
2.88875, -0.09437606, -16.21553
2.773376, 0.2777812, -16.22225
2.628891, 0.637527, -16.2274
2.456653, 0.9826018, -16.23094
2.258187, 1.310905, -16.23286
2.03516, 1.620503, -16.23315
1.789362, 1.909635, -16.23182
1.52269, 2.176722, -16.2289
1.237127, 2.420361, -16.2244
0.9347262, 2.639331, -16.21837
0.617593, 2.832591, -16.21085
0.2878725, 2.999277, -16.20191
-0.05226582, 3.138699, -16.1916
-0.4006404, 3.250337, -16.17999
-0.7550693, 3.333836, -16.16717
-1.113381, 3.389002, -16.15321
-1.473423, 3.415794, -16.1382
-1.833073, 3.414322, -16.12222
-2.190242, 3.38484, -16.10538
-2.542887, 3.32774, -16.08776
-2.889016, 3.243546, -16.06947
-3.22669, 3.132912, -16.05061
-3.554033, 2.99661, -16.03127
-3.869236, 2.835535, -16.01157
-4.170564, 2.650689, -15.9916
-4.456355, 2.443185, -15.97147
-4.72503, 2.214237, -15.95129
-4.975097, 1.965161, -15.93115
-5.205152, 1.697362, -15.91116
-5.413887, 1.412338, -15.89142
-5.600094, 1.111671, -15.87203
-5.762669, 0.7970234, -15.85309
-5.900616, 0.4701335, -15.83469
-6.013054, 0.1328098, -15.81693
-6.099221, -0.2130739, -15.7999
-6.158476, -0.5655841, -15.78368
-6.190311, -0.9227337, -15.76835
-6.194351, -1.282489, -15.754
-6.170358, -1.642776, -15.74071
-6.118242, -2.00149, -15.72853
-6.03806, -2.356502, -15.71755
-5.930024, -2.705668, -15.70781
-5.794504, -3.046841, -15.69936
-5.632032, -3.377882, -15.69227
-5.443306, -3.696668, -15.68657
-5.229192, -4.001108, -15.68228
-4.990725, -4.289155, -15.67944
-4.729111, -4.558822, -15.67806
-4.445726, -4.808194, -15.67816
-4.142114, -5.035444, -15.67973
-3.819983, -5.238854, -15.68276
-3.4812, -5.416825, -15.68724
-3.127786, -5.567897, -15.69313
-2.761905, -5.690766, -15.70041
-2.385852, -5.7843, -15.70902
-2.002041, -5.847555, -15.71891
-1.612992, -5.879788, -15.73001
-1.221309, -5.880476, -15.74225
-0.8296599, -5.849321, -15.75554
-0.4407597, -5.786268, -15.76979
-0.05701664, -5.72135, -15.78127
0.3222224, -5.654796, -15.7893
0.6969556, -5.5866, -15.79396
1.067191, -5.516834, -15.79533
1.432939, -5.445568, -15.79349
1.794211, -5.372868, -15.78849
2.15102, -5.298801, -15.78042
2.503381, -5.223433, -15.76934
2.85131, -5.146829, -15.75532
3.194824, -5.069052, -15.73843
3.533942, -4.990163, -15.71874
3.868683, -4.910223, -15.69633
4.19907, -4.829292, -15.67125
4.525124, -4.747428, -15.64357
4.846869, -4.664687, -15.61337
5.16433, -4.581125, -15.58071
5.477532, -4.496795, -15.54566
5.786502, -4.41175, -15.50827
6.091268, -4.326041, -15.46862
6.391857, -4.239718, -15.42676
6.688301, -4.152828, -15.38277
6.980628, -4.065419, -15.33669
7.268869, -3.977535, -15.28861
7.553057, -3.889222, -15.23856
7.833223, -3.800521, -15.18662
8.109401, -3.711473, -15.13284
8.381623, -3.62212, -15.07729
8.649924, -3.532499, -15.02001
8.914339, -3.442647, -14.96107
9.174902, -3.352602, -14.90051
9.431649, -3.262397, -14.8384
9.685552, -3.181, -14.7738
9.936741, -3.112174, -14.70644
10.18495, -3.058195, -14.63631
10.42966, -3.020169, -14.56356
10.67026, -2.998536, -14.48844
10.90612, -2.993333, -14.41119
11.13658, -3.004361, -14.33211
11.36106, -3.031286, -14.25147
11.57896, -3.0737, -14.16955
11.78973, -3.13116, -14.08659
11.99287, -3.203209, -14.00287
12.18785, -3.28939, -13.91861
12.3742, -3.389251, -13.83406
12.55144, -3.502354, -13.74944
12.7191, -3.628267, -13.66499
12.87669, -3.76657, -13.58092
13.02375, -3.916852, -13.49746
13.15979, -4.078705, -13.41483
13.28431, -4.251722, -13.33325
13.39679, -4.435493, -13.25294
13.49672, -4.629595, -13.17415
13.58354, -4.833593, -13.0971
13.6567, -5.04703, -13.02205
13.71561, -5.269419, -12.94923
13.75969, -5.500236, -12.87891
13.78832, -5.738916, -12.81135
13.8009, -5.984844, -12.74683
13.7968, -6.237344, -12.68562
13.7754, -6.49568, -12.62801
13.73609, -6.759043, -12.5743
13.67829, -7.026547, -12.52479
13.60141, -7.297229, -12.47977
13.50491, -7.570035, -12.43954
13.38829, -7.843828, -12.40442
13.2511, -8.117373, -12.3747
13.09295, -8.389348, -12.35069
12.9135, -8.65833, -12.33267
12.71252, -8.922802, -12.32095
12.48983, -9.181147, -12.3158
12.24537, -9.431646, -12.31749
11.9792, -9.672481, -12.3263
11.69147, -9.901725, -12.34247
11.38251, -10.11735, -12.36626
11.05278, -10.3172, -12.39789
10.70294, -10.49903, -12.43756
10.33386, -10.66048, -12.48548
9.952967, -10.79596, -12.54892
9.565524, -10.90388, -12.62906
9.174868, -10.98326, -12.72545
8.783686, -11.03329, -12.83718
8.394464, -11.05336, -12.96311
8.009617, -11.04311, -13.10196
7.631513, -11.00237, -13.25231
7.262477, -10.9312, -13.41271
6.904773, -10.8299, -13.58161
6.560593, -10.69895, -13.75741
6.23204, -10.53906, -13.93847
5.921115, -10.35115, -14.12314
5.629704, -10.13632, -14.30973
5.359562, -9.895865, -14.49657
5.112306, -9.631262, -14.68196
4.889397, -9.344153, -14.86425
4.692138, -9.036342, -15.04182
4.52166, -8.709774, -15.21306
4.378913, -8.36653, -15.37644
4.264665, -8.008808, -15.53047
4.17949, -7.638908, -15.67375
4.123769, -7.259218, -15.80495
4.097685, -6.872197, -15.92283
4.10122, -6.480357, -16.02624
4.13416, -6.086249, -16.11416
4.196089, -5.692443, -16.18565
4.286398, -5.301508, -16.23991
4.404287, -4.916002, -16.27627
4.519759, -4.529223, -16.3048
4.632756, -4.141326, -16.32545
4.743219, -3.752464, -16.33819
4.850956, -3.363244, -16.34346
4.954866, -2.977588, -16.34561
5.055427, -2.595614, -16.34455
5.152694, -2.217328, -16.34035
5.23579, -1.837903, -16.33459
5.298127, -1.455477, -16.32822
5.335577, -1.070106, -16.32183
5.345561, -0.6829817, -16.31575
5.326527, -0.2959495, -16.31017
5.277641, 0.08878627, -16.30518
5.198602, 0.468836, -16.3008
5.089523, 0.8417318, -16.29703
4.950854, 1.204994, -16.29383
4.783335, 1.556175, -16.29118
4.587961, 1.892895, -16.289
4.365958, 2.212861, -16.28726
4.118765, 2.513898, -16.28588
3.848014, 2.793958, -16.2848
3.555517, 3.051145, -16.28396
3.243244, 3.283726, -16.2833
2.913311, 3.490148, -16.28275
2.567959, 3.669048, -16.28226
2.209536, 3.819261, -16.28176
1.840478, 3.939835, -16.28119
1.463288, 4.030029, -16.2805
1.080515, 4.089325, -16.27964
0.6947366, 4.117423, -16.27856
0.3085358, 4.114245, -16.27721
-0.07259622, 4.10992, -16.27311
-0.4493126, 4.103973, -16.26572
-0.8216186, 4.096423, -16.25515
-1.189527, 4.087322, -16.24146
-1.553051, 4.076722, -16.22473
-1.912207, 4.064672, -16.20504
-2.267011, 4.05122, -16.18245
-2.617481, 4.036416, -16.15704
-2.963635, 4.020306, -16.12889
-3.305493, 4.002937, -16.09807
-3.643075, 3.984355, -16.06465
-3.976404, 3.964605, -16.02869
-4.305502, 3.943729, -15.99027
-4.630394, 3.921772, -15.94946
-4.951102, 3.898776, -15.90633
-5.267654, 3.87478, -15.86094
-5.580075, 3.849826, -15.81336
-5.888392, 3.823952, -15.76365
-6.192633, 3.797196, -15.71188
-6.492827, 3.769596, -15.65812
-6.789003, 3.741189, -15.60243
-7.081191, 3.712008, -15.54486
-7.369421, 3.682089, -15.48548
-7.653724, 3.651465, -15.42435
-7.934132, 3.620169, -15.36152
-8.210677, 3.588231, -15.29707
-8.483393, 3.555684, -15.23103
-8.752311, 3.522556, -15.16348
-9.017465, 3.488877, -15.09446
-9.278888, 3.454674, -15.02402
-9.536615, 3.419976, -14.95223
-9.790681, 3.384808, -14.87913
-10.04112, 3.349196, -14.80477
-10.28797, 3.313166, -14.72921
-10.53126, 3.276741, -14.65249
-10.77102, 3.239944, -14.57466
-11.00731, 3.202799, -14.49577
-11.24014, 3.165326, -14.41586
-11.46956, 3.127549, -14.33498
-11.69559, 3.089486, -14.25318
-11.91829, 3.051158, -14.1705
-12.13768, 3.012585, -14.08698
-12.3538, 2.973784, -14.00266
-12.56669, 2.934774, -13.91758
-12.77638, 2.895573, -13.83179
-12.98291, 2.856196, -13.74532
-13.18631, 2.816661, -13.6582
-13.38662, 2.776983, -13.57049
-13.58388, 2.737178, -13.48221
-13.77812, 2.697259, -13.3934
-13.96938, 2.657241, -13.30409
-14.15769, 2.617139, -13.21432
-14.34309, 2.576964, -13.12412
-14.52562, 2.53673, -13.03353
-14.70531, 2.496449, -12.94257
-14.88219, 2.456133,