-0.0008700227,24.99986,0.01192336;0.06351954,0.8914604,-0.4486243;0
-0.007192836,24.99967,0.02400405;0.02144627,0.9987602,-0.04492313;0.0199999995529652
-0.1133391,24.99645,0.2014728;0.01731776,0.9991311,-0.03790925;0.353333353996277
-0.1323799,24.99588,0.2299549;0.01655566,0.9991859,-0.03678939;0.413615077733994
-0.1449395,24.99551,0.2481932;0.01605285,0.9992203,-0.03607237;0.448154300451279
-0.1449395,24.99551,0.2481932;0.01605285,0.9992203,-0.03607237;0.459455490112305
-0.1511805,24.99532,0.2570945;0.01580299,0.9992368,-0.03572242;0.471684068441391
-0.1573962,24.99513,0.2658537;0.0155544,0.9992529,-0.03537815;0.482232272624969
-0.1573962,24.99513,0.2658537;0.0155544,0.9992529,-0.03537815;0.493678212165833
-0.1635871,24.99495,0.274473;0.01530651,0.9992687,-0.03503944;0.518671631813049
-0.1697536,24.99477,0.2829548;0.01505947,0.9992841,-0.03470609;0.52975469827652
-0.1697536,24.99477,0.2829548;0.01505947,0.9992841,-0.03470609;0.539842545986176
-0.1758962,24.99458,0.2913011;0.01481366,0.9992991,-0.03437804;0.551312804222107
-0.1820153,24.9944,0.2995142;0.01456869,0.9993138,-0.03405518;0.561861634254456
-0.1820153,24.9944,0.2995142;0.01456869,0.9993138,-0.03405518;0.572907209396362
-0.1881114,24.99422,0.3075961;0.01432458,0.9993281,-0.03373766;0.582996726036072
-0.1881114,24.99422,0.3075961;0.01432458,0.9993281,-0.03373766;0.593586802482605
-0.1941849,24.99404,0.3155491;0.01408127,0.999342,-0.03342513;0.603669166564941
-0.1941849,24.99404,0.3155491;0.01408127,0.999342,-0.03342513;0.614632368087769
-0.2002362,24.99386,0.323375;0.01383917,0.9993556,-0.03311773;0.625797808170319
-0.2002362,24.99386,0.323375;0.01383917,0.9993556,-0.03311773;0.636314868927002
-0.2062657,24.99368,0.3310761;0.01359768,0.9993689,-0.03281514;0.645749449729919
-0.2122739,24.99351,0.3386542;0.01335718,0.9993819,-0.03251752;0.671398103237152
-0.2182611,24.99333,0.3461113;0.01311728,0.9993946,-0.03222472;0.682440280914307
-0.2182611,24.99333,0.3461113;0.01311728,0.9993946,-0.03222472;0.693326473236084
-0.2242277,24.99315,0.3534493;0.01287831,0.9994069,-0.03193632;0.703474938869476
-0.2242277,24.99315,0.3534493;0.01287831,0.9994069,-0.03193632;0.714721918106079
-0.2301742,24.99298,0.3606702;0.01264013,0.999419,-0.03165273;0.724176824092865
-0.2301742,24.99298,0.3606702;0.01264013,0.999419,-0.03165273;0.734584987163544
-0.2361009,24.9928,0.3677758;0.01240287,0.9994308,-0.03137355;0.745081305503845
-0.2361009,24.9928,0.3677758;0.01240287,0.9994308,-0.03137355;0.756164371967316
-0.2420082,24.99262,0.3747679;0.0121662,0.9994423,-0.03109899;0.766442537307739
-0.2420082,24.99262,0.3747679;0.0121662,0.9994423,-0.03109899;0.776920974254608
-0.2478964,24.99245,0.3816484;0.01193045,0.9994535,-0.03082885;0.786494135856628
-0.2478964,24.99245,0.3816484;0.01193045,0.9994535,-0.03082885;0.797467947006226
-0.2602466,24.99209,0.3950738;0.0163593,0.9994276,-0.02961283;0.839244067668915
-0.2676843,24.99188,0.4016056;0.01979179,0.999391,-0.02873919;0.854326605796814
-0.2763396,24.99164,0.4080077;0.02358601,0.9993379,-0.0277053;0.864592909812927
-0.2763396,24.99164,0.4080077;0.02358601,0.9993379,-0.0277053;0.875654757022858
-0.2864315,24.99135,0.414272;0.02756635,0.9992682,-0.02651782;0.885308027267456
-0.2864315,24.99135,0.414272;0.02756635,0.9992682,-0.02651782;0.896001875400543
-0.2981662,24.99101,0.4203887;0.03162453,0.9991826,-0.02518095;0.906949698925018
-0.2981662,24.99101,0.4203887;0.03162453,0.9991826,-0.02518095;0.917472004890442
-0.3117537,24.9906,0.4263453;0.03569248,0.9990818,-0.02369762;0.928214311599731
-0.327418,24.99011,0.432126;0.039726,0.9989669,-0.02206914;0.941417396068573
-0.327418,24.99011,0.432126;0.039726,0.9989669,-0.02206914;0.954751491546631
-0.3659911,24.98876,0.4430735;0.04757545,0.9986986,-0.01837521;0.983202457427979
-0.3659911,24.98876,0.4430735;0.04757545,0.9986986,-0.01837521;0.993627965450287
-0.3894852,24.98783,0.4481815;0.05134908,0.9985476,-0.01630604;1.00381088256836
-0.3894852,24.98783,0.4481815;0.05134908,0.9985476,-0.01630604;1.01466405391693
-0.4162388,24.98669,0.4529922;0.05499841,0.9983871,-0.01408439;1.02531778812408
-0.4162388,24.98669,0.4529922;0.05499841,0.9983871,-0.01408439;1.03696441650391
-0.4466493,24.98527,0.4574512;0.05850589,0.9982184,-0.01170632;1.04738700389862
-0.4811664,24.9835,0.461489;0.06185371,0.9980431,-0.009166475;1.0615576505661
-0.4811664,24.9835,0.461489;0.06185371,0.9980431,-0.009166475;1.07335317134857
-0.5202965,24.98129,0.4650168;0.06502168,0.9978629,-0.006458986;1.08398807048798
-0.5202965,24.98129,0.4650168;0.06502168,0.9978629,-0.006458986;1.09549427032471
-0.5646063,24.97851,0.4679214;0.06798817,0.9976797,-0.003576962;1.10566401481628
-0.6147243,24.97502,0.4700598;0.07072958,0.9974954,-0.0005131532;1.13316082954407
-0.671338,24.97063,0.4712518;0.07321901,0.9973121,0.002740771;1.14368045330048
-0.671338,24.97063,0.4712518;0.07321901,0.9973121,0.002740771;1.1544041633606
-0.7351872,24.96512,0.4712737;0.07542704,0.9971321,0.006193582;1.1636073589325
-0.7351872,24.96512,0.4712737;0.07542704,0.9971321,0.006193582;1.17283606529236
-0.8070498,24.9582,0.4698506;0.07732192,0.9969575,0.009854411;1.18288421630859
-0.8070498,24.9582,0.4698506;0.07732192,0.9969575,0.009854411;1.19253420829773
-0.8877203,24.94954,0.4666514;0.07886852,0.9967904,0.0137327;1.20132732391357
-0.8877203,24.94954,0.4666514;0.07886852,0.9967904,0.0137327;1.21243417263031
-0.9779804,24.93873,0.4612851;0.08003031,0.9966328,0.01783748;1.22299373149872
-0.9779804,24.93873,0.4612851;0.08003031,0.9966328,0.01783748;1.23248994350433
-1.078562,24.9253,0.4533027;0.08076952,0.9964861,0.02217768;1.24199342727661
-1.078562,24.9253,0.4533027;0.08076952,0.9964861,0.02217768;1.25189352035522
-1.190108,24.90875,0.4422034;0.08104706,0.9963509,0.02676118;1.26077592372894
-1.313134,24.88849,0.4274484;0.08082321,0.9962276,0.03159451;1.28393495082855
-1.313134,24.88849,0.4274484;0.08082321,0.9962276,0.03159451;1.2951272726059
-1.447994,24.86393,0.408479;0.08005936,0.9961149,0.03668302;1.3042219877243
-1.447994,24.86393,0.408479;0.08005936,0.9961149,0.03668302;1.3153167963028
-1.59487,24.83446,0.3847384;0.0787166,0.9960106,0.04203005;1.32596731185913
-1.59487,24.83446,0.3847384;0.0787166,0.9960106,0.04203005;1.33657956123352
-1.753761,24.79944,0.3556931;0.07675604,0.9959112,0.04763681;1.34697043895721
-1.753761,24.79944,0.3556931;0.07675604,0.9959112,0.04763681;1.3568286895752
-1.924499,24.75829,0.3208517;0.07413913,0.9958117,0.05350195;1.36580669879913
-1.924499,24.75829,0.3208517;0.07413913,0.9958117,0.05350195;1.37632870674133
-2.106768,24.71041,0.2797778;0.07082681,0.9957052,0.05962135;1.38521528244019
-2.106768,24.71041,0.2797778;0.07082681,0.9957052,0.05962135;1.39419138431549
-2.300127,24.65526,0.2320987;0.06677854,0.9955834,0.06598735;1.40398359298706
-2.300127,24.65526,0.2320987;0.06677854,0.9955834,0.06598735;1.41463911533356
-2.504033,24.59233,0.1775085;0.0619534,0.995436,0.07258829;1.43823945522308
-2.717869,24.52115,0.1157688;0.05630867,0.9952506,0.0794079;1.44840919971466
-2.717869,24.52115,0.1157688;0.05630867,0.9952506,0.0794079;1.45814561843872
-2.940955,24.4413,0.04670599;0.04980128,0.9950128,0.08642509;1.46851003170013
-2.940955,24.4413,0.04670599;0.04980128,0.9950128,0.08642509;1.47938764095306
-3.172572,24.35239,-0.02979331;0.04238725,0.9947059,0.09361313;1.48831462860107
-3.172572,24.35239,-0.02979331;0.04238725,0.9947059,0.09361313;1.49885940551758
-3.41197,24.25409,-0.1137877;0.03402367,0.9943106,0.1009393;1.50889921188354
-3.41197,24.25409,-0.1137877;0.03402367,0.9943106,0.1009393;1.51869034767151
-3.658384,24.1461,-0.2052872;0.02466712,0.9938052,0.1083644;1.52790951728821
-3.658384,24.1461,-0.2052872;0.02466712,0.9938052,0.1083644;1.53841257095337
-3.911039,24.02817,-0.3042608;0.01427667,0.993165,0.1158421;1.54745280742645
-3.911039,24.02817,-0.3042608;0.01427667,0.993165,0.1158421;1.55789363384247
-4.169161,23.90006,-0.4106431;0.002813637,0.992363,0.1233198;1.56697154045105
-4.431978,23.76159,-0.5243415;-0.009757333,0.9913691,0.130737;1.5903480052948
-4.69873,23.6126,-0.645243;-0.02346737,0.9901505,0.1380267;1.60159409046173
-4.69873,23.6126,-0.645243;-0.02346737,0.9901505,0.1380267;1.61132407188416
-4.968664,23.45296,-0.7732212;-0.03834145,0.9886717,0.1451142;1.6210173368454
-4.968664,23.45296,-0.7732212;-0.03834145,0.9886717,0.1451142;1.63042569160461
-5.241041,23.28254,-0.9081423;-0.05439932,0.9868948,0.151919;1.64023411273956
-5.241041,23.28254,-0.9081423;-0.05439932,0.9868948,0.151919;1.65013718605042
-5.241041,23.28254,-0.9081423;-0.05439932,0.9868948,0.151919;1.65917885303497
-5.515135,23.10124,-1.049872;-0.07165273,0.9847792,0.1583531;1.66822695732117
-5.515135,23.10124,-1.049872;-0.07165273,0.9847792,0.1583531;1.67905783653259
-5.79023,22.90898,-1.198281;-0.09010526,0.9822826,0.1643226;1.6877144575119
-5.79023,22.90898,-1.198281;-0.09010526,0.9822826,0.1643226;1.69907772541046
-6.065616,22.70565,-1.353255;-0.1097509,0.9793605,0.1697286;1.70864522457123
-6.065616,22.70565,-1.353255;-0.1097509,0.9793605,0.1697286;1.71832203865051
-6.340589,22.49117,-1.5147;-0.1305747,0.975967,0.1744665;1.73951506614685
-6.603467,22.2732,-1.695078;-0.1519981,0.9722507,0.1778346;1.74973523616791
-6.603467,22.2732,-1.695078;-0.1519981,0.9722507,0.1778346;1.75934410095215
-6.846059,22.05881,-1.89832;-0.1735141,0.9683405,0.1794703;1.77158319950104
-7.066104,21.8508,-2.121519;-0.1948697,0.9642916,0.1793528;1.78189980983734
-7.066104,21.8508,-2.121519;-0.1948697,0.9642916,0.1793528;1.79165542125702
-7.262195,21.65047,-2.362168;-0.2158657,0.9601552,0.1774936;1.8024914264679
-7.262195,21.65047,-2.362168;-0.2158657,0.9601552,0.1774936;1.81224036216736
-7.433392,21.45842,-2.617917;-0.2363342,0.9559777,0.1739332;1.82296967506409
-7.433392,21.45842,-2.617917;-0.2363342,0.9559777,0.1739332;1.83556890487671
-7.579059,21.27494,-2.8865;-0.2561318,0.9518011,0.1687339;1.84418737888336
-7.579059,21.27494,-2.8865;-0.2561318,0.9518011,0.1687339;1.85426723957062
-7.698787,21.10014,-3.165725;-0.2751348,0.9476632,0.1619733;1.86382985115051
-7.698787,21.10014,-3.165725;-0.2751348,0.9476632,0.1619733;1.87376952171326
-7.792341,20.93404,-3.453475;-0.2932371,0.9435977,0.1537376;1.89920938014984
-7.859627,20.77654,-3.747719;-0.3103468,0.9396352,0.1441198;1.90945971012115
-7.900662,20.62749,-4.046516;-0.3263847,0.935803,0.1332132;1.92019927501678
-7.900662,20.62749,-4.046516;-0.3263847,0.935803,0.1332132;1.93076765537262
-7.915545,20.4867,-4.348015;-0.3412824,0.9321255,0.1211132;1.94231808185577
-7.915545,20.4867,-4.348015;-0.3412824,0.9321255,0.1211132;1.95616114139557
-7.904438,20.35393,-4.650444;-0.3549798,0.9286249,0.1079133;1.96758496761322
-7.904438,20.35393,-4.650444;-0.3549798,0.9286249,0.1079133;1.97871923446655
-7.867551,20.22889,-4.952106;-0.3674241,0.925321,0.093705;1.99028587341309
-7.80513,20.11127,-5.251362;-0.3785673,0.9222322,0.07857866;2.00151658058167
-7.80513,20.11127,-5.251362;-0.3785673,0.9222322,0.07857866;2.01325821876526
-7.717446,20.00075,-5.546618;-0.3883659,0.919375,0.06262201;2.02407073974609
-7.604799,19.89699,-5.836302;-0.3967796,0.9167645,0.04592159;2.05287003517151
-7.467517,19.79964,-6.118857;-0.4037687,0.9144151,0.028564;2.06405258178711
-7.467517,19.79964,-6.118857;-0.4037687,0.9144151,0.028564;2.07601451873779
-7.305969,19.70836,-6.392715;-0.409296,0.9123397,0.01063573;2.08717155456543
-7.305969,19.70836,-6.392715;-0.409296,0.9123397,0.01063573;2.0988130569458
-7.12057,19.6228,-6.65629;-0.4133245,0.9105506,-0.007774562;2.10869097709656
-7.12057,19.6228,-6.65629;-0.4133245,0.9105506,-0.007774562;2.11982035636902
-6.911804,19.54264,-6.907967;-0.4158179,0.9090595,-0.02657624;2.12845635414124
-6.911804,19.54264,-6.907967;-0.4158179,0.9090595,-0.02657624;2.13989233970642
-6.680238,19.46753,-7.146099;-0.4074877,0.9123701,-0.03917366;2.14915633201599
-6.680238,19.46753,-7.146099;-0.4074877,0.9123701,-0.03917366;2.15856623649597
-6.447033,19.38721,-7.383415;-0.3988215,0.9155651,-0.05178862;2.16725587844849
-6.447033,19.38721,-7.383415;-0.3988215,0.9155651,-0.05178862;2.17708086967468
-6.21292,19.30243,-7.619349;-0.3899909,0.9185578,-0.06448829;2.19796848297119
-5.978243,19.21353,-7.853629;-0.3810057,0.9213393,-0.07725689;2.20758533477783
-5.978243,19.21353,-7.853629;-0.3810057,0.9213393,-0.07725689;2.21765899658203
-5.743162,19.12064,-8.086113;-0.37187,0.9239033,-0.09008501;2.22760677337646
-5.743162,19.12064,-8.086113;-0.37187,0.9239033,-0.09008501;2.23721766471863
-5.507753,19.02379,-8.316718;-0.3625852,0.926245,-0.1029669;2.24569630622864
-5.507753,19.02379,-8.316718;-0.3625852,0.926245,-0.1029669;2.25550413131714
-5.272055,18.92298,-8.545386;-0.3531524,0.9283592,-0.1158987;2.26402974128723
-5.272055,18.92298,-8.545386;-0.3531524,0.9283592,-0.1158987;2.27347493171692
-5.036091,18.81817,-8.77207;-0.3435718,0.9302415,-0.1288768;2.28266143798828
-5.036091,18.81817,-8.77207;-0.3435718,0.9302415,-0.1288768;2.29246664047241
-4.799876,18.70932,-8.996723;-0.3376747,0.9301124,-0.1444535;2.30130839347839
-4.799876,18.70932,-8.996723;-0.3376747,0.9301124,-0.1444535;2.31178116798401
-4.554896,18.60035,-9.213611;-0.3334092,0.9288275,-0.1616103;2.32052373886108
-4.554896,18.60035,-9.213611;-0.3334092,0.9288275,-0.1616103;2.33705949783325
-4.020831,18.38868,-9.609614;-0.324844,0.9247097,-0.1984652;2.36051249504089
-4.020831,18.38868,-9.609614;-0.324844,0.9247097,-0.1984652;2.37029314041138
-4.020831,18.38868,-9.609614;-0.324844,0.9247097,-0.1984652;2.3786952495575
-3.72792,18.28742,-9.783229;-0.3192002,0.922398,-0.2174701;2.38842701911926
-3.72792,18.28742,-9.783229;-0.3192002,0.922398,-0.2174701;2.3979160785675
-3.417239,18.18963,-9.937483;-0.312178,0.9201103,-0.2365202;2.40668606758118
-3.417239,18.18963,-9.937483;-0.312178,0.9201103,-0.2365202;2.41690921783447
-3.089337,18.09546,-10.0703;-0.3036003,0.9179293,-0.255407;2.42634439468384
-3.089337,18.09546,-10.0703;-0.3036003,0.9179293,-0.255407;2.43535351753235
-2.74525,18.00498,-10.17975;-0.2933669,0.9159104,-0.2739415;2.44505524635315
-2.74525,18.00498,-10.17975;-0.2933669,0.9159104,-0.2739415;2.45500111579895
-2.386382,17.91825,-10.26404;-0.281428,0.914093,-0.2919456;2.46469569206238
-2.386382,17.91825,-10.26404;-0.281428,0.914093,-0.2919456;2.47447443008423
-2.014439,17.83529,-10.3215;-0.2677677,0.9125053,-0.3092482;2.48277997970581
-2.014439,17.83529,-10.3215;-0.2677677,0.9125053,-0.3092482;2.49210381507874
-1.64356,17.75862,-10.36466;-0.2529566,0.9108531,-0.3261281;2.51322245597839
-1.282014,17.69279,-10.39871;-0.2373522,0.9090451,-0.3424922;2.52370858192444
-1.282014,17.69279,-10.39871;-0.2373522,0.9090451,-0.3424922;2.53330421447754
-0.9311138,17.63961,-10.42269;-0.2210525,0.9071478,-0.3580764;2.54190182685852
-0.9311138,17.63961,-10.42269;-0.2210525,0.9071478,-0.3580764;2.55265116691589
-0.5914188,17.5987,-10.43704;-0.2041591,0.9051901,-0.3727601;2.56154108047485
-0.5914188,17.5987,-10.43704;-0.2041591,0.9051901,-0.3727601;2.57226824760437
-0.2633223,17.56949,-10.44231;-0.1867837,0.9031924,-0.3864652;2.58175802230835
-0.2633223,17.56949,-10.44231;-0.1867837,0.9031924,-0.3864652;2.59143829345703
0.05283186,17.55139,-10.43904;-0.1690442,0.9011714,-0.3991416;2.60086441040039
0.05283186,17.55139,-10.43904;-0.1690442,0.9011714,-0.3991416;2.61017918586731
0.05283186,17.55139,-10.43904;-0.1690442,0.9011714,-0.3991416;2.6185929775238
0.35673,17.54388,-10.42775;-0.1510582,0.899144,-0.4107573;2.62811017036438
0.35673,17.54388,-10.42775;-0.1510582,0.899144,-0.4107573;2.63843274116516
0.6480868,17.54643,-10.40891;-0.1329406,0.8971263,-0.4212971;2.64742803573608
0.9266493,17.55853,-10.38301;-0.1148017,0.895135,-0.4307598;2.6703634262085
1.192203,17.57967,-10.35049;-0.09674363,0.893187,-0.4391556;2.68070197105408
1.192203,17.57967,-10.35049;-0.09674363,0.893187,-0.4391556;2.69051241874695
1.192203,17.57967,-10.35049;-0.09674363,0.893187,-0.4391556;2.69912195205688
1.444579,17.60934,-10.31184;-0.07886039,0.8912989,-0.4465057;2.70822596549988
1.444579,17.60934,-10.31184;-0.07886039,0.8912989,-0.4465057;2.7183940410614
1.683663,17.647,-10.26748;-0.06123532,0.8894864,-0.4528401;2.72686886787415
1.683663,17.647,-10.26748;-0.06123532,0.8894864,-0.4528401;2.73701977729797
1.909398,17.69212,-10.21789;-0.04394132,0.8877643,-0.4581961;2.74519801139832
1.909398,17.69212,-10.21789;-0.04394132,0.8877643,-0.4581961;2.75519204139709
2.121789,17.74413,-10.16349;-0.02704093,0.8861458,-0.4626169;2.76571130752563
2.121789,17.74413,-10.16349;-0.02704093,0.8861458,-0.4626169;2.77511262893677
2.320909,17.80249,-10.10474;-0.01058468,0.8846422,-0.4661504;2.78395938873291
2.320909,17.80249,-10.10474;-0.01058468,0.8846422,-0.4661504;2.79419875144958
2.50689,17.86663,-10.04205;0.005386829,0.8832629,-0.4688472;2.80310249328613
2.679924,17.93599,-9.975842;0.02084449,0.8820155,-0.4707592;2.82644200325012
2.679924,17.93599,-9.975842;0.02084449,0.8820155,-0.4707592;2.83636069297791
2.840254,18.01003,-9.906511;0.03576705,0.8809057,-0.4719383;2.84556269645691
2.840254,18.01003,-9.906511;0.03576705,0.8809057,-0.4719383;2.85562610626221
2.988166,18.08824,-9.834432;0.05014253,0.8799376,-0.4724357;2.864413022995
2.988166,18.08824,-9.834432;0.05014253,0.8799376,-0.4724357;2.87456750869751
3.123978,18.17011,-9.759953;0.06396466,0.8791136,-0.4723005;2.88394236564636
3.123978,18.17011,-9.759953;0.06396466,0.8791136,-0.4723005;2.89361524581909
3.248028,18.25519,-9.683404;0.07723372,0.8784351,-0.471579;2.90258955955505
3.248028,18.25519,-9.683404;0.07723372,0.8784351,-0.471579;2.91262578964233
3.360668,18.34302,-9.605084;0.08995433,0.8779022,-0.4703148;2.92176842689514
3.360668,18.34302,-9.605084;0.08995433,0.8779022,-0.4703148;2.93158388137817
3.462251,18.43321,-9.52527;0.1021336,0.8775144,-0.468548;2.94045424461365
3.462251,18.43321,-9.52527;0.1021336,0.8775144,-0.468548;2.95683431625366
3.633617,18.61924,-9.362146;0.1249094,0.8771696,-0.4636498;2.98133873939514
3.633617,18.61924,-9.362146;0.1249094,0.8771696,-0.4636498;2.99114108085632
3.704049,18.71443,-9.279274;0.1355287,0.8772095,-0.4605816;3.00022292137146
3.704049,18.71443,-9.279274;0.1355287,0.8772095,-0.4605816;3.01059532165527
3.704049,18.71443,-9.279274;0.1355287,0.8772095,-0.4605816;3.01982355117798
3.764711,18.8107,-9.195789;0.145651,0.8773888,-0.4571375;3.02921485900879
3.764711,18.8107,-9.195789;0.145651,0.8773888,-0.4571375;3.03931069374084
3.81587,18.90778,-9.111865;0.1552877,0.8777059,-0.4533411;3.04837393760681
3.81587,18.90778,-9.111865;0.1552877,0.8777059,-0.4533411;3.05837845802307
3.857765,19.00546,-9.027661;0.1644492,0.8781589,-0.4492143;3.06782627105713
3.857765,19.00546,-9.027661;0.1644492,0.8781589,-0.4492143;3.07744002342224
3.890605,19.10351,-8.943326;0.1731449,0.8787466,-0.4447755;3.08712387084961
3.890605,19.10351,-8.943326;0.1731449,0.8787466,-0.4447755;3.09810328483582
3.914568,19.20176,-8.858997;0.1739248,0.8810102,-0.4399673;3.10760521888733
3.941274,19.29764,-8.774875;0.1747232,0.8832134,-0.4352079;3.13020324707031
3.966471,19.3921,-8.690912;0.1754523,0.8853751,-0.4304966;3.14130139350891
3.966471,19.3921,-8.690912;0.1754523,0.8853751,-0.4304966;3.15077424049377
3.966471,19.3921,-8.690912;0.1754523,0.8853751,-0.4304966;3.15919089317322
3.991718,19.48484,-8.607128;0.1761873,0.8874819,-0.4258333;3.16903519630432
3.991718,19.48484,-8.607128;0.1761873,0.8874819,-0.4258333;3.17892861366272
4.016454,19.576,-8.523536;0.1769018,0.8895403,-0.4212172;3.18847370147705
4.016454,19.576,-8.523536;0.1769018,0.8895403,-0.4212172;3.19775080680847
4.040889,19.66556,-8.44015;0.1776056,0.8915496,-0.416648;3.20630669593811
4.040889,19.66556,-8.44015;0.1776056,0.8915496,-0.416648;3.21684861183167
4.064953,19.75357,-8.356987;0.1782958,0.8935119,-0.4121252;3.22567963600159
4.064953,19.75357,-8.356987;0.1782958,0.8935119,-0.4121252;3.23579359054565
4.088678,19.84003,-8.27406;0.1789737,0.8954281,-0.4076482;3.24475026130676
4.088678,19.84003,-8.27406;0.1789737,0.8954281,-0.4076482;3.25405478477478
4.112059,19.92499,-8.191384;0.1796394,0.8972992,-0.4032169;3.26292490959167
4.135102,20.00845,-8.108973;0.180293,0.8991265,-0.3988307;3.28607511520386
4.135102,20.00845,-8.108973;0.180293,0.8991265,-0.3988307;3.29631423950195
4.157813,20.09044,-8.026837;0.1809353,0.9009112,-0.3944889;3.30558848381042
4.157813,20.09044,-8.026837;0.1809353,0.9009112,-0.3944889;3.31516337394714
4.180194,20.17099,-7.944991;0.1815657,0.9026541,-0.3901917;3.32405948638916
4.180194,20.17099,-7.944991;0.1815657,0.9026541,-0.3901917;3.33428859710693
4.202252,20.25012,-7.863446;0.1821852,0.9043564,-0.3859379;3.34340333938599
4.202252,20.25012,-7.863446;0.1821852,0.9043564,-0.3859379;3.35346221923828
4.223989,20.32785,-7.782214;0.1827938,0.9060191,-0.3817274;3.36258387565613
4.223989,20.32785,-7.782214;0.1827938,0.9060191,-0.3817274;3.3721079826355
4.24541,20.4042,-7.701305;0.1833914,0.907643,-0.3775602;3.38186049461365
4.24541,20.4042,-7.701305;0.1833914,0.907643,-0.3775602;3.39171814918518
4.266521,20.47919,-7.62073;0.1839787,0.9092293,-0.3734354;3.40101408958435
4.266521,20.47919,-7.62073;0.1839787,0.9092293,-0.3734354;3.41122889518738
4.287323,20.55285,-7.5405;0.1845558,0.9107787,-0.3693525;3.42028617858887
4.307822,20.6252,-7.460624;0.185123,0.9122922,-0.3653115;3.44323968887329
4.307822,20.6252,-7.460624;0.185123,0.9122922,-0.3653115;3.45276069641113
4.328022,20.69626,-7.381112;0.1856802,0.9137706,-0.3613117;3.46256399154663
4.328022,20.69626,-7.381112;0.1856802,0.9137706,-0.3613117;3.47249507904053
4.347928,20.76604,-7.301972;0.1862276,0.9152148,-0.357353;3.48217487335205
4.347928,20.76604,-7.301972;0.1862276,0.9152148,-0.357353;3.49277758598328
4.367542,20.83458,-7.223214;0.186766,0.9166255,-0.3534349;3.50261640548706
4.367542,20.83458,-7.223214;0.186766,0.9166255,-0.3534349;3.51282691955566
4.386869,20.90188,-7.144845;0.1872948,0.9180037,-0.3495568;3.52188754081726
4.386869,20.90188,-7.144845;0.1872948,0.9180037,-0.3495568;3.53101634979248
4.405913,20.96797,-7.066873;0.187815,0.9193499,-0.3457185;3.54087686538696
4.405913,20.96797,-7.066873;0.187815,0.9193499,-0.3457185;3.5504515171051
4.405913,20.96797,-7.066873;0.187815,0.9193499,-0.3457185;3.5591082572937
4.424679,21.03287,-6.989306;0.1883261,0.920665,-0.3419198;3.56887626647949
4.424679,21.03287,-6.989306;0.1883261,0.920665,-0.3419198;3.57863187789917
4.461388,21.15918,-6.835416;0.1893227,0.9232051,-0.3344388;3.60106658935547
4.461388,21.15918,-6.835416;0.1893227,0.9232051,-0.3344388;3.61134314537048
4.47934,21.22063,-6.759106;0.1898084,0.9244313,-0.330756;3.62067484855652
4.47934,21.22063,-6.759106;0.1898084,0.9244313,-0.330756;3.63073229789734
4.497027,21.28096,-6.683228;0.190286,0.9256293,-0.3271112;3.64051127433777
4.497027,21.28096,-6.683228;0.190286,0.9256293,-0.3271112;3.65000224113464
4.497027,21.28096,-6.683228;0.190286,0.9256293,-0.3271112;3.65863084793091
4.514455,21.34019,-6.607788;0.1907557,0.9267997,-0.3235038;3.66841316223145
4.531626,21.39834,-6.532791;0.1912174,0.927943,-0.3199339;3.68073797225952
4.531626,21.39834,-6.532791;0.1912174,0.927943,-0.3199339;3.69080972671509
4.548545,21.45544,-6.458242;0.1916717,0.9290599,-0.316401;3.70055866241455
4.548545,21.45544,-6.458242;0.1916717,0.9290599,-0.316401;3.70983099937439
4.565215,21.51149,-6.384148;0.1921184,0.9301513,-0.3129044;3.72429180145264
4.565215,21.51149,-6.384148;0.1921184,0.9301513,-0.3129044;3.73682165145874
4.594678,21.62123,-6.237315;0.1996596,0.9308319,-0.3060849;3.76455116271973
4.594678,21.62123,-6.237315;0.1996596,0.9308319,-0.3060849;3.77621531486511
4.603545,21.67577,-6.164582;0.2049245,0.9308397,-0.3025613;3.78496193885803
4.603545,21.67577,-6.164582;0.2049245,0.9308397,-0.3025613;3.7949378490448
4.607456,21.7303,-6.092353;0.2105347,0.9307785,-0.2988754;3.80418920516968
4.607456,21.7303,-6.092353;0.2105347,0.9307785,-0.2988754;3.81332755088806
4.606075,21.78481,-6.020684;0.2162391,0.9307075,-0.2949987;3.8219940662384
4.606075,21.78481,-6.020684;0.2162391,0.9307075,-0.2949987;3.83294439315796
4.599165,21.83932,-5.949635;0.2157598,0.9318522,-0.2917178;3.84212946891785
4.599165,21.83932,-5.949635;0.2157598,0.9318522,-0.2917178;3.85143685340881
4.593823,21.89259,-5.879067;0.2152616,0.9329743,-0.288481;3.86069297790527
4.593823,21.89259,-5.879067;0.2152616,0.9329743,-0.288481;3.87160158157349
4.587882,21.945,-5.808989;0.2147432,0.9340779,-0.2852786;3.88168907165527
4.587882,21.945,-5.808989;0.2147432,0.9340779,-0.2852786;3.89130520820618
4.581999,21.99646,-5.739394;0.2142326,0.9351571,-0.2821092;3.91293478012085
4.575981,22.04702,-5.670288;0.2137221,0.9362141,-0.2789731;3.92239665985107
4.575981,22.04702,-5.670288;0.2137221,0.9362141,-0.2789731;3.9318642616272
4.56989,22.09669,-5.601671;0.2132142,0.937249,-0.2758695;3.94183564186096
4.56989,22.09669,-5.601671;0.2132142,0.937249,-0.2758695;3.95353484153748
4.563712,22.14548,-5.533546;0.2127081,0.9382623,-0.2727985;3.96741223335266
4.563712,22.14548,-5.533546;0.2127081,0.9382623,-0.2727985;3.9788191318512
4.557455,22.19341,-5.465915;0.2122039,0.9392547,-0.2697595;3.98847579956055
4.557455,22.19341,-5.465915;0.2122039,0.9392547,-0.2697595;3.99797368049622
4.551121,22.24048,-5.39878;0.2117017,0.9402263,-0.2667525;4.00643587112427
4.551121,22.24048,-5.39878;0.2117017,0.9402263,-0.2667525;4.01692008972168
4.544713,22.28673,-5.332143;0.2112016,0.9411778,-0.2637769;4.0252480506897
4.544713,22.28673,-5.332143;0.2112016,0.9411778,-0.2637769;4.03465986251831
4.538234,22.33215,-5.266005;0.2107035,0.9421095,-0.2608327;4.04499816894531
4.531687,22.37676,-5.200367;0.2102076,0.9430219,-0.2579195;4.06931495666504
4.531687,22.37676,-5.200367;0.2102076,0.9430219,-0.2579195;4.07917308807373
4.525075,22.42058,-5.135231;0.2097136,0.9439155,-0.2550368;4.08757734298706
4.525075,22.42058,-5.135231;0.2097136,0.9439155,-0.2550368;4.09813165664673
4.518401,22.46362,-5.070598;0.2092218,0.9447905,-0.2521847;4.10807943344116
4.518401,22.46362,-5.070598;0.2092218,0.9447905,-0.2521847;4.11755180358887
4.511667,22.50589,-5.006467;0.208732,0.9456475,-0.2493626;4.1272144317627
4.511667,22.50589,-5.006467;0.208732,0.9456475,-0.2493626;4.13724803924561
4.504875,22.54741,-4.942841;0.2082445,0.9464868,-0.2465706;4.1453332901001
4.504875,22.54741,-4.942841;0.2082445,0.9464868,-0.2465706;4.15569972991943
4.498029,22.58818,-4.879719;0.2077592,0.9473087,-0.2438081;4.16511487960815
4.498029,22.58818,-4.879719;0.2077592,0.9473087,-0.2438081;4.17435169219971
4.491131,22.62823,-4.817102;0.2072761,0.9481137,-0.2410749;4.18407773971558
4.491131,22.62823,-4.817102;0.2072761,0.9481137,-0.2410749;4.19353437423706
4.484183,22.66756,-4.754991;0.2067952,0.9489021,-0.2383704;4.20238351821899
4.477188,22.70618,-4.693384;0.2063163,0.9496744,-0.2356952;4.22499465942383
4.477188,22.70618,-4.693384;0.2063163,0.9496744,-0.2356952;4.23440504074097
4.470148,22.74412,-4.632283;0.20584,0.9504306,-0.2330484;4.24406003952026
4.470148,22.74412,-4.632283;0.20584,0.9504306,-0.2330484;4.25394916534424
4.463065,22.78137,-4.571687;0.2053654,0.9511714,-0.23043;4.26269197463989
4.463065,22.78137,-4.571687;0.2053654,0.9511714,-0.23043;4.2746410369873
4.455942,22.81795,-4.511596;0.2048935,0.951897,-0.2278395;4.2859673500061
4.455942,22.81795,-4.511596;0.2048935,0.951897,-0.2278395;4.29723167419434
4.44878,22.85388,-4.45201;0.2044238,0.9526077,-0.2252765;4.30662202835083
4.44878,22.85388,-4.45201;0.2044238,0.9526077,-0.2252765;4.31585931777954
4.441581,22.88916,-4.392927;0.2039563,0.9533038,-0.2227413;4.32537794113159
4.441581,22.88916,-4.392927;0.2039563,0.9533038,-0.2227413;4.33572053909302
4.434349,22.9238,-4.334348;0.2034911,0.9539857,-0.2202333;4.3450608253479
4.434349,22.9238,-4.334348;0.2034911,0.9539857,-0.2202333;4.3542914390564
4.427084,22.95782,-4.276272;0.2030282,0.9546537,-0.217752;4.37639379501343
4.419789,22.99122,-4.218698;0.2025675,0.955308,-0.2152978;4.38613557815552
4.419789,22.99122,-4.218698;0.2025675,0.955308,-0.2152978;4.39511680603027
4.412465,23.02403,-4.161624;0.2021093,0.9559488,-0.2128702;4.40456771850586
4.412465,23.02403,-4.161624;0.2021093,0.9559488,-0.2128702;4.41393613815308
4.405115,23.05624,-4.105051;0.2016533,0.9565767,-0.2104684;4.42253446578979
4.405115,23.05624,-4.105051;0.2016533,0.9565767,-0.2104684;4.43258571624756
4.397739,23.08787,-4.048976;0.2011997,0.9571917,-0.208093;4.44137573242188
4.397739,23.08787,-4.048976;0.2011997,0.9571917,-0.208093;4.45095109939575
4.390341,23.11892,-3.993399;0.2007483,0.9577942,-0.2057432;4.46136236190796
4.390341,23.11892,-3.993399;0.2007483,0.9577942,-0.2057432;4.47170209884644
4.382922,23.14942,-3.938318;0.2002994,0.9583845,-0.203419;4.48095941543579
4.382922,23.14942,-3.938318;0.2002994,0.9583845,-0.203419;4.49004507064819
4.382922,23.14942,-3.938318;0.2002994,0.9583845,-0.203419;4.49878740310669
4.375482,23.17936,-3.883733;0.1998526,0.9589628,-0.2011199;4.50829601287842
4.368024,23.20876,-3.82964;0.1994084,0.9595293,-0.1988462;4.53277492523193
4.36055,23.23763,-3.77604;0.1989662,0.9600844,-0.1965969;4.54237079620361
4.36055,23.23763,-3.77604;0.1989662,0.9600844,-0.1965969;4.55198383331299
4.353061,23.26597,-3.722931;0.1985266,0.9606282,-0.1943726;4.56241607666016
4.353061,23.26597,-3.722931;0.1985266,0.9606282,-0.1943726;4.57430505752563
4.345558,23.29379,-3.67031;0.1980893,0.961161,-0.1921725;4.58605480194092
4.345558,23.29379,-3.67031;0.1980893,0.961161,-0.1921725;4.59684753417969
4.338042,23.32112,-3.618177;0.1976542,0.961683,-0.1899966;4.60642576217651
4.338042,23.32112,-3.618177;0.1976542,0.961683,-0.1899966;4.61765432357788
4.330516,23.34794,-3.566528;0.1972216,0.9621944,-0.1878445;4.62736177444458
4.330516,23.34794,-3.566528;0.1972216,0.9621944,-0.1878445;4.63769340515137
4.322981,23.37428,-3.515363;0.1967912,0.9626955,-0.1857162;4.6482892036438
4.322981,23.37428,-3.515363;0.1967912,0.9626955,-0.1857162;4.65861654281616
4.307887,23.42552,-3.414476;0.1959376,0.9636677,-0.1815297;4.69045495986938
4.300331,23.45045,-3.364749;0.1955143,0.9641392,-0.1794709;4.70206737518311
4.300331,23.45045,-3.364749;0.1955143,0.9641392,-0.1794709;4.71152591705322
4.292771,23.47491,-3.315497;0.1950933,0.9646011,-0.1774353;4.72146034240723
4.292771,23.47491,-3.315497;0.1950933,0.9646011,-0.1774353;4.73141479492188
4.285207,23.49894,-3.266719;0.1946745,0.9650539,-0.175422;4.7403244972229
4.285207,23.49894,-3.266719;0.1946745,0.9650539,-0.175422;4.75240755081177
4.277642,23.52252,-3.218411;0.1942583,0.9654974,-0.1734312;4.76327657699585
4.277642,23.52252,-3.218411;0.1942583,0.9654974,-0.1734312;4.77287817001343
4.270075,23.54568,-3.170572;0.1938443,0.9659322,-0.1714624;4.7821626663208
4.270075,23.54568,-3.170572;0.1938443,0.9659322,-0.1714624;4.79601383209229
4.262509,23.56841,-3.1232;0.1934325,0.9663582,-0.1695159;4.81913805007935
4.247381,23.61263,-3.029844;0.192616,0.967185,-0.1656876;4.84504365921021
4.239821,23.63413,-2.983856;0.1922111,0.967586,-0.1638054;4.86868619918823
4.232266,23.65525,-2.938324;0.1918087,0.967979,-0.1619446;4.89226865768433
4.224716,23.67597,-2.893247;0.1914086,0.9683642,-0.1601044;4.91508722305298
4.217171,23.69632,-2.848621;0.1910106,0.9687418,-0.1582852;4.93866062164307
4.202103,23.7359,-2.760714;0.1902217,0.9694747,-0.1547078;4.9689154624939
4.194582,23.75515,-2.717427;0.1898307,0.9698303,-0.1529496;4.99366331100464
4.187069,23.77404,-2.674582;0.1894418,0.9701788,-0.1512113;5.0166711807251
4.179567,23.79259,-2.632174;0.1890551,0.9705206,-0.1494926;5.03998708724976
4.164595,23.82867,-2.548663;0.1882885,0.9711839,-0.1461139;5.06494569778442
4.157127,23.84622,-2.507554;0.1879086,0.9715058,-0.1444535;5.09651660919189
4.14223,23.88035,-2.426614;0.1871555,0.9721309,-0.1411892;5.12113094329834
4.134802,23.89694,-2.386778;0.1867821,0.9724343,-0.1395848;5.14994668960571
4.127388,23.91323,-2.34736;0.1864111,0.9727318,-0.1379992;5.17223262786865
4.11999,23.92922,-2.308359;0.1860421,0.9730235,-0.1364316;5.19422721862793
4.112608,23.94492,-2.26977;0.1856754,0.9733095,-0.1348824;5.20575857162476
4.112608,23.94492,-2.26977;0.1856754,0.9733095,-0.1348824;5.2152795791626
4.105242,23.96033,-2.231591;0.1853108,0.97359,-0.1333509;5.22394371032715
4.105242,23.96033,-2.231591;0.1853108,0.97359,-0.1333509;5.23461771011353
4.097892,23.97546,-2.193819;0.1849483,0.973865,-0.1318371;5.25726318359375
4.083246,24.00488,-2.119484;0.1842297,0.9743993,-0.1288619;5.28108596801758
4.07595,24.01918,-2.082916;0.1838736,0.9746588,-0.1274002;5.30490827560425
4.068673,24.03323,-2.046742;0.1835196,0.9749132,-0.1259555;5.32935857772827
4.061414,24.04701,-2.010961;0.1831678,0.9751628,-0.1245276;5.35372638702393
4.054175,24.06054,-1.975569;0.182818,0.9754076,-0.1231163;5.37860679626465
4.039756,24.08686,-1.905941;0.1821246,0.9758832,-0.1203435;5.40340232849121
4.032578,24.09966,-1.871699;0.1817807,0.9761143,-0.1189812;5.42962169647217
4.02542,24.11223,-1.837834;0.1814391,0.9763411,-0.117635;5.45609474182129
4.011168,24.13667,-1.771224;0.1807619,0.9767817,-0.1149902;5.48302602767944
4.004074,24.14855,-1.738472;0.1804263,0.9769958,-0.1136911;5.50590753555298
3.997002,24.16021,-1.706086;0.1800925,0.9772058,-0.1124075;5.52981233596802
3.989952,24.17166,-1.674062;0.179761,0.977412,-0.1111388;5.55359268188477
3.975921,24.19393,-1.611089;0.1791035,0.9778128,-0.1086469;5.58034372329712
3.968939,24.20476,-1.580133;0.1787777,0.9780076,-0.1074229;5.61316633224487
3.941246,24.24613,-1.459782;0.1774933,0.9787515,-0.1026719;5.68053722381592
3.927541,24.26569,-1.401648;0.1768626,0.9791033,-0.1003811;5.73585319519043
3.920724,24.27521,-1.373081;0.1765497,0.9792745,-0.09925628;5.74706888198853
3.920724,24.27521,-1.373081;0.1765497,0.9792745,-0.09925628;5.75684309005737
3.913932,24.28455,-1.344843;0.176239,0.9794424,-0.0981451;5.76661682128906
3.907164,24.29371,-1.316931;0.1759299,0.9796073,-0.09704727;5.78828859329224
3.907164,24.29371,-1.316931;0.1759299,0.9796073,-0.09704727;5.79835939407349
3.90042,24.30272,-1.289342;0.1756226,0.9797693,-0.09596254;5.80658912658691
3.90042,24.30272,-1.289342;0.1756226,0.9797693,-0.09596254;5.81758737564087
3.893701,24.31155,-1.262074;0.1753172,0.9799283,-0.09489112;5.82659912109375
3.887007,24.32022,-1.235124;0.1750133,0.9800846,-0.09383252;5.84974813461304
3.880337,24.32874,-1.208488;0.1747113,0.980238,-0.09278686;5.8737473487854
3.867071,24.3453,-1.156148;0.1741128,0.9805366,-0.09073387;5.90320062637329
3.860475,24.35336,-1.130438;0.1738161,0.980682,-0.08972582;5.92928457260132
3.853904,24.36127,-1.105031;0.173521,0.9808248,-0.08873039;5.95832538604736
3.847358,24.36904,-1.079924;0.1732275,0.9809652,-0.08774682;5.97495889663696
3.840836,24.37666,-1.055115;0.1729359,0.9811031,-0.0867755;5.98920297622681
3.834339,24.38415,-1.0306;0.1726457,0.9812385,-0.08581629;6.00269460678101
3.834339,24.38415,-1.0306;0.1726457,0.9812385,-0.08581629;6.01716995239258
3.827868,24.39149,-1.006376;0.1723575,0.9813716,-0.08486856;6.02926874160767
3.821421,24.39871,-0.9824412;0.1720708,0.9815024,-0.08393276;6.04121398925781
3.821421,24.39871,-0.9824412;0.1720708,0.9815024,-0.08393276;6.05354070663452
3.814999,24.40579,-0.9587923;0.1717856,0.981631,-0.08300812;6.06704378128052
3.814999,24.40579,-0.9587923;0.1717856,0.981631,-0.08300812;6.07956171035767
3.802229,24.41958,-0.9123412;0.1712203,0.9818815,-0.08119361;6.11128711700439
3.795882,24.42629,-0.8895335;0.1709397,0.9820036,-0.08030287;6.12507963180542
3.795882,24.42629,-0.8895335;0.1709397,0.9820036,-0.08030287;6.13614463806152
3.789559,24.43287,-0.8670006;0.170661,0.9821236,-0.07942346;6.14895915985107
3.78326,24.43934,-0.8447399;0.1703838,0.9822416,-0.07855488;6.16147470474243
3.78326,24.43934,-0.8447399;0.1703838,0.9822416,-0.07855488;6.17342901229858
3.776987,24.44568,-0.8227485;0.170108,0.9823576,-0.07769711;6.18285179138184
3.776987,24.44568,-0.8227485;0.170108,0.9823576,-0.07769711;6.19231748580933
3.770738,24.45192,-0.8010238;0.1698339,0.9824716,-0.07684974;6.2010383605957
3.770738,24.45192,-0.8010238;0.1698339,0.9824716,-0.07684974;6.21024131774902
3.770738,24.45192,-0.8010238;0.1698339,0.9824716,-0.07684974;6.21896839141846
3.764513,24.45804,-0.7795632;0.1695613,0.9825838,-0.07601322;6.22881031036377
3.764513,24.45804,-0.7795632;0.1695613,0.9825838,-0.07601322;6.23848867416382
3.752138,24.46995,-0.7374232;0.1690203,0.9828026,-0.0743714;6.26020002365112
3.752138,24.46995,-0.7374232;0.1690203,0.9828026,-0.0743714;6.27052307128906
3.745987,24.47575,-0.7167386;0.1687521,0.9829093,-0.07356589;6.28012752532959
3.745987,24.47575,-0.7167386;0.1687521,0.9829093,-0.07356589;6.28916835784912
3.745987,24.47575,-0.7167386;0.1687521,0.9829093,-0.07356589;6.29857301712036
3.73986,24.48144,-0.6963074;0.1684853,0.9830143,-0.07277031;6.30785894393921
3.73986,24.48144,-0.6963074;0.1684853,0.9830143,-0.07277031;6.31755399703979
3.733757,24.48703,-0.676127;0.1682198,0.9831176,-0.07198482;6.32659721374512
3.733757,24.48703,-0.676127;0.1682198,0.9831176,-0.07198482;6.33744955062866
3.727679,24.49252,-0.6561947;0.1679561,0.9832192,-0.07120922;6.34697198867798
3.727679,24.49252,-0.6561947;0.1679561,0.9832192,-0.07120922;6.35684156417847
3.721624,24.49791,-0.6365081;0.1676934,0.9833192,-0.07044338;6.36577939987183
3.721624,24.49791,-0.6365081;0.1676934,0.9833192,-0.07044338;6.37492656707764
3.715593,24.50321,-0.6170645;0.1674326,0.9834175,-0.06968706;6.38428020477295
3.715593,24.50321,-0.6170645;0.1674326,0.9834175,-0.06968706;6.39368343353271
3.709586,24.50841,-0.5978615;0.1671728,0.9835144,-0.06894049;6.41645336151123
3.703603,24.51352,-0.5788965;0.1669143,0.9836096,-0.06820329;6.42616844177246
3.703603,24.51352,-0.5788965;0.1669143,0.9836096,-0.06820329;6.4364333152771
3.697643,24.51853,-0.5601668;0.1666576,0.9837034,-0.06747525;6.44569873809814
3.697643,24.51853,-0.5601668;0.1666576,0.9837034,-0.06747525;6.45468759536743
3.691707,24.52346,-0.5416702;0.1664019,0.9837957,-0.06675661;6.4644603729248
3.691707,24.52346,-0.5416702;0.1664019,0.9837957,-0.06675661;6.47366333007813
3.685794,24.5283,-0.5234041;0.1661476,0.9838865,-0.06604697;6.48202753067017
3.685794,24.5283,-0.5234041;0.1661476,0.9838865,-0.06604697;6.4987735748291
3.679904,24.53306,-0.505366;0.1658946,0.983976,-0.06534654;6.50800561904907
3.679904,24.53306,-0.505366;0.1658946,0.983976,-0.06534654;6.51818609237671
3.674037,24.53773,-0.4875535;0.1656429,0.9840641,-0.06465492;6.52686500549316
3.674037,24.53773,-0.4875535;0.1656429,0.9840641,-0.06465492;6.53659963607788
3.668194,24.54231,-0.4699641;0.1653926,0.9841508,-0.06397212;6.54607582092285
3.662373,24.54682,-0.4525956;0.1651435,0.9842362,-0.06329818;6.5694408416748
3.662373,24.54682,-0.4525956;0.1651435,0.9842362,-0.06329818;6.57962989807129
3.656575,24.55125,-0.4354454;0.1648956,0.9843204,-0.06263267;6.58890390396118
3.656575,24.55125,-0.4354454;0.1648956,0.9843204,-0.06263267;6.59866333007813
3.6508,24.5556,-0.4185112;0.1646491,0.9844032,-0.06197564;6.60741949081421
3.6508,24.5556,-0.4185112;0.1646491,0.9844032,-0.06197564;6.61684799194336
3.645047,24.55987,-0.4017907;0.1644039,0.9844848,-0.06132705;6.62694597244263
3.645047,24.55987,-0.4017907;0.1644039,0.9844848,-0.06132705;6.63644981384277
3.639316,24.56407,-0.3852815;0.1641596,0.9845653,-0.06068676;6.64536237716675
3.639316,24.56407,-0.3852815;0.1641596,0.9845653,-0.06068676;6.6548757