0.0, 0.0, 0
0.1001001001001001, 0.49966508081519634, 0
0.2002002002002002, 0.9943276816874929, 0
0.3003003003003003, 1.4790354058327695, 0
0.4004004004004004, 1.948935521368604, 0
0.5005005005005005, 2.3993235452454713, 0
0.6006006006006006, 2.8256903429601357, 0
0.7007007007007008, 3.223767272504621, 0
0.8008008008008008, 3.5895689205846297, 0
0.9009009009009009, 3.9194330032466502, 0
1.001001001001001, 4.210057031442003, 0
1.1011011011011012, 4.458531374444441, 0
1.2012012012012012, 4.6623683901014115, 0
1.3013013013013013, 4.819527330276622, 0
1.4014014014014016, 4.92843477213894, 0
1.5015015015015016, 4.988000370746389, 0
1.6016016016016017, 4.9976277752156255, 0
1.7017017017017018, 4.957220599187849, 0
1.8018018018018018, 4.867183385816841, 0
1.9019019019019021, 4.728417557617998, 0
2.002002002002002, 4.5423123917270996, 0
2.1021021021021022, 4.310731110921531, 0
2.2022022022022023, 4.035992229655997, 0
2.3023023023023024, 3.720846341869988, 0
2.4024024024024024, 3.3684485829597284, 0
2.5025025025025025, 2.982327041616136, 0
2.6026026026026026, 2.56634743777894, 0
2.702702702702703, 2.124674420339462, 0
2.802802802802803, 1.6617298720665732, 0
2.902902902902903, 1.1821486391929352, 0
3.0030030030030033, 0.6907321288821773, 0
3.1031031031031033, 0.19240023914363916, 0
3.2032032032032034, -0.3078578975436649, 0
3.3033033033033035, -0.8050338637594746, 0
3.4034034034034035, -1.2941500997451039, 0
3.5035035035035036, -1.7703097370696572, 0
3.6036036036036037, -2.228745624441617, 0
3.7037037037037037, -2.664868054835745, 0
3.8038038038038042, -3.0743107161072447, 0
3.9039039039039043, -3.452974405050964, 0
4.004004004004004, -3.7970680672551076, 0
4.104104104104104, -4.103146751872107, 0
4.2042042042042045, -4.368146101316181, 0
4.3043043043043046, -4.589413030588248, 0
4.404404404404405, -4.76473228907703, 0
4.504504504504505, -4.892348638908464, 0
4.604604604604605, -4.9709844278011905, 0
4.704704704704705, -4.999852380494574, 0
4.804804804804805, -4.978663480685724, 0
4.904904904904905, -4.9076298645642105, 0
5.005005005005005, -4.787462696975372, 0
5.105105105105105, -4.619365051475357, 0
5.205205205205205, -4.405019865560396, 0
5.305305305305305, -4.146573091658561, 0
5.405405405405406, -3.84661221257061, 0
5.505505505505506, -3.508140336456206, 0
5.605605605605606, -3.1345461307177906, 0
5.705705705705706, -2.7295698957940924, 0
5.805805805805806, -2.2972661185210757, 0
5.9059059059059065, -1.841962879963601, 0
6.0060060060060065, -1.3682185241130176, 0
6.106106106106107, -0.8807760212692272, 0
6.206206206206207, -0.3845154830057956, 0
6.306306306306307, 0.11559469587757423, 0
6.406406406406407, 0.6145475792647493, 0
6.506506506506507, 1.1073478174956655, 0
6.606606606606607, 1.5890616591390947, 0
6.706706706706707, 2.0548663460645176, 0
6.806806806806807, 2.5000983972861275, 0
6.906906906906907, 2.9203002981772497, 0
7.007007007007007, 3.3112651276183485, 0
7.107107107107107, 3.6690786762865155, 0
7.207207207207207, 3.9901586344121966, 0
7.307307307307307, 4.271290456668407, 0
7.407407407407407, 4.509659545125164, 0
7.507507507507508, 4.70287942806412, 0
7.6076076076076085, 4.849015652536519, 0
7.7077077077077085, 4.946605151460186, 0
7.807807807807809, 4.994670891358602, 0
7.907907907907909, 4.992731654093831, 0
8.008008008008009, 4.940806854661824, 0
8.108108108108109, 4.839416346815967, 0
8.208208208208209, 4.689575218464889, 0
8.308308308308309, 4.492783628951274, 0
8.408408408408409, 4.251011789957449, 0
8.508508508508509, 3.9666802404039063, 0
8.608608608608609, 3.6426356128218917, 0
8.70870870870871, 3.282122133819032, 0
8.80880880880881, 2.8887491439658453, 0
8.90890890890891, 2.4664549622831604, 0
9.00900900900901, 2.0194674571071527, 0
9.10910910910911, 1.5522617180833134, 0
9.20920920920921, 1.069515253063225, 0
9.30930930930931, 0.5760611584578447, 0
9.40940940940941, 0.07683973189008783, 0
9.50950950950951, -0.4231509884153279, 0
9.60960960960961, -0.9189052623216631, 0
9.70970970970971, -1.4054597635789081, 0
9.80980980980981, -1.8779432709888635, 0
9.90990990990991, -2.3316254374451977, 0
10.01001001001001, -2.761964148589136, 0
10.11011011011011, -3.1646509969417345, 0
10.21021021021021, -3.535654416240916, 0
10.31031031031031, -3.871260044136676, 0
10.41041041041041, -4.1681079091466495, 0
10.51051051051051, -4.423226069568643, 0
10.61061061061061, -4.6340603675685745, 0
10.710710710710712, -4.798500000555841, 0
10.810810810810812, -4.914898653834014, 0
10.910910910910912, -4.982090982953858, 0
11.011011011011012, -4.999404280752829, 0
11.111111111111112, -4.966665212274552, 0
11.211211211211213, -4.884201550140529, 0
11.311311311311313, -4.7528388930001, 0
11.411411411411413, -4.573892399912448, 0
11.511511511511513, -4.349153623413248, 0
11.611611611611613, -4.080872573088911, 0
11.711711711711713, -3.7717351892319195, 0
11.811811811811813, -3.424836452103495, 0
11.911911911911913, -3.043649396024689, 0
12.012012012012013, -2.631990338516463, 0
12.112112112112113, -2.193980672602995, 0
12.212212212212213, -1.7340056048009267, 0
12.312312312312313, -1.2566702518960042, 0
12.412412412412413, -0.7667535360515464, 0
12.512512512512513, -0.26916033983550125, 0
12.612612612612613, 0.23112759982600212, 0
12.712712712712714, 0.7291015671352775, 0
12.812812812812814, 1.2197760130131565, 0
12.912912912912914, 1.6982384687516139, 0
13.013013013013014, 2.1596987280101203, 0
13.113113113113114, 2.5995368047619953, 0
13.213213213213214, 3.013349187051822, 0
13.313313313313314, 3.396992923486736, 0
13.413413413413414, 3.7466271010823764, 0
13.513513513513514, 4.058751299201143, 0
13.613613613613614, 4.330240634594768, 0
13.713713713713714, 4.558377046691955, 0
13.813813813813814, 4.740876509913212, 0
13.913913913913914, 4.875911900572279, 0
14.014014014014014, 4.9621312894283705, 0
14.114114114114114, 4.998671476750301, 0
14.214214214214214, 4.985166634383963, 0
14.314314314314315, 4.921751968301641, 0
14.414414414414415, 4.8090623649649755, 0
14.514514514514515, 4.648226035053697, 0
14.614614614614615, 4.440853218197034, 0
14.714714714714715, 4.189020061792233, 0
14.814814814814815, 3.8952478353100677, 0
14.914914914914915, 3.562477688186798, 0
15.015015015015017, 3.194041204018101, 0
15.115115115115117, 2.7936270458566077, 0
15.215215215215217, 2.365244026549085, 0
15.315315315315317, 1.9131809738408463, 0
15.415415415415417, 1.4419637920644692, 0
15.515515515515517, 0.9563101502968886, 0
15.615615615615617, 0.4610822506319046, 0
15.715715715715717, -0.03876185056361258, 0
15.815815815815817, -0.5382178810544934, 0
15.915915915915917, -1.03228545383988, 0
16.016016016016017, -1.516018129358169, 0
16.116116116116117, -1.9845729375882062, 0
16.216216216216218, -2.4332588642479935, 0
16.316316316316318, -2.8575838156632742, 0
16.416416416416418, -3.253299592109417, 0
16.516516516516518, -3.6164444193685172, 0
16.616616616616618, -3.9433826126899674, 0
16.716716716716718, -4.230840976052163, 0
16.816816816816818, -4.475941572308102, 0
16.916916916916918, -4.676230536131108, 0
17.017017017017018, -4.829702641295098, 0
17.117117117117118, -4.934821376329978, 0
17.217217217217218, -4.990534327561421, 0
17.31731731731732, -4.996283715525147, 0
17.41741741741742, -4.952011979268677, 0
17.51751751751752, -4.858162352632367, 0
17.61761761761762, -4.715674426740194, 0
17.71771771771772, -4.525974743127178, 0
17.81781781781782, -4.290962511681871, 0
17.91791791791792, -4.012990596391131, 0
18.01801801801802, -3.694841959251549, 0
18.11811811811812, -3.339701798183209, 0
18.21821821821822, -2.9511256578917044, 0
18.31831831831832, -2.5330038329418003, 0
18.41841841841842, -2.089522419427279, 0
18.51851851851852, -1.6251214051746576, 0
18.61861861861862, -1.1444502180676521, 0
18.71871871871872, -0.6523211775277228, 0
18.81881881881882, -0.15366131517893858, 0
18.91891891891892, 0.346536952947428, 0
19.01901901901902, 0.8432658088151577, 0
19.11911911911912, 1.3315521689850718, 0
19.21921921921922, 1.806507473465833, 0
19.31931931931932, 2.26337662834421, 0
19.41941941941942, 2.697585612197533, 0
19.51951951951952, 3.1047872696688383, 0
19.61961961961962, 3.480904833734719, 0
19.71971971971972, 3.822172740935463, 0
19.81981981981982, 4.125174330939029, 0
19.91991991991992, 4.386876053003416, 0
20.02002002002002, 4.604657836873737, 0
20.12012012012012, 4.776339324050729, 0
20.22022022022022, 4.90020169681199, 0
20.32032032032032, 4.975004886441078, 0
20.42042042042042, 4.999999988381417, 0
20.52052052052052, 4.974936760018646, 0
20.62062062062062, 4.900066126026118, 0
20.72072072072072, 4.7761376661908574, 0
20.82082082082082, 4.6043921108710215, 0
20.92092092092092, 4.386548919217866, 0
21.02102102102102, 4.12478906452487, 0
21.12112112112112, 3.821733199051386, 0
21.22122122122122, 3.480415416927298, 0
21.32132132132132, 3.104252877815724, 0
21.421421421421424, 2.697011595451503, 0
21.521521521521525, 2.2627687335692657, 0
21.621621621621625, 1.8058717867014753, 0
21.721721721721725, 1.3308950545149192, 0
21.821821821821825, 0.8425938454498645, 0
21.921921921921925, 0.3458568681598281, 0
22.022022022022025, -0.1543427126070431, 0
22.122122122122125, -0.6529970656728113, 0
22.222222222222225, -1.145113830163306, 0
22.322322322322325, -1.6257660973581658, 0
22.422422422422425, -2.0901417372557733, 0
22.522522522522525, -2.533591576011982, 0
22.622622622622625, -2.9516759419162124, 0
22.722722722722725, -3.3402091139021377, 0
22.822822822822825, -3.6953012275893222, 0
22.922922922922925, -4.0133972193065075, 0
23.023023023023026, -4.291312418202, 0
23.123123123123126, -4.52626443010482, 0
23.223223223223226, -4.715900993926059, 0
23.323323323323326, -4.858323531711445, 0
23.423423423423426, -4.952106156569849, 0
23.523523523523526, -4.9963099481767195, 0
23.623623623623626, -4.990492352930847, 0
23.723723723723726, -4.934711614653244, 0
23.823823823823826, -4.8295261914694585, 0
23.923923923923926, -4.6759891647132985, 0
24.024024024024026, -4.475637695828159, 0
24.124124124124126, -4.230477636819936, 0
24.224224224224226, -3.942963448336524, 0
24.324324324324326, -3.6159736264273983, 0
24.424424424424426, -3.252781884002343, 0
24.524524524524526, -2.8570243755109432, 0
24.624624624624627, -2.432663292978404, 0
24.724724724724727, -1.9839471978620384, 0
24.824824824824827, -1.5153684858726166, 0
24.924924924924927, -1.0316184106085944, 0
25.025025025025027, -0.5375401162915695, 0
25.125125125125127, -0.0380801498235401, 0
25.225225225225227, 0.4617610623889469, 0
25.325325325325327, 0.9569792770342553, 0
25.425425425425427, 1.442616534708698, 0
25.525525525525527, 1.9138107973505445, 0
25.625625625625627, 2.3658446253415812, 0
25.725725725725727, 2.794192406937342, 0
25.825825825825827, 3.194565667180716, 0
25.925925925925927, 3.5629560026812297, 0
26.026026026026027, 3.895675212411322, 0
26.126126126126128, 4.18939222274348, 0
26.226226226226228, 4.441166437047101, 0
26.326326326326328, 4.6484771759600445, 0
26.426426426426428, 4.80924891358871, 0
26.526526526526528, 4.9218720569802334, 0
26.626626626626628, 4.985219060829662, 0
26.726726726726728, 4.99865571608704, 0
26.826826826826828, 4.962047499446645, 0
26.926926926926928, 4.87576092014941, 0
27.027027027027028, 4.740659850614776, 0
27.127127127127128, 4.558096877638503, 0
27.227227227227228, 4.32989976074531, 0
27.32732732732733, 4.058353133270836, 0
27.42742742742743, 3.7461756293755615, 0
27.52752752752753, 3.3964926659873873, 0
27.62762762762763, 3.01280515217098, 0
27.72772772772773, 2.5989544391952246, 0
27.82782782782783, 2.1590838622070136, 0
27.92792792792793, 1.6975972585432788, 0
28.02802802802803, 1.2191148779820884, 0
28.12812812812813, 0.7284271263446438, 0
28.22822822822823, 0.2304466055517919, 0
28.32832832832833, -0.2698410697060095, 0
28.42842842842843, -0.7674271862781958, 0
28.52852852852853, -1.2573300781176686, 0
28.62862862862863, -1.7346450010578007, 0
28.72872872872873, -2.19459323747326, 0
28.82882882882883, -2.6325699392051827, 0
28.92892892892893, -3.0441902297633066, 0
29.02902902902903, -3.425333104245212, 0
29.12912912912913, -3.772182687461334, 0
29.22922922922923, -4.081266437203176, 0
29.32932932932933, -4.34948991017637, 0
29.42942942942943, -4.574167742533645, 0
29.52952952952953, -4.753050534840991, 0
29.62962962962963, -4.884347372313673, 0
29.72972972972973, -4.966743754857045, 0
29.82982982982983, -4.99941475740256, 0
29.929929929929934, -4.982033288782107, 0
30.030030030030034, -4.914773366455564, 0
30.130130130130134, -4.79830837430609, 0
30.230230230230234, -4.63380432094555, 0
30.330330330330334, -4.422908166025634, 0
30.430430430430434, -4.167731331427777, 0
30.530530530530534, -3.8708285624123153, 0
30.630630630630634, -3.5351723503620125, 0
30.730730730730734, -3.1641231731908985, 0
30.830830830830834, -2.7613958513615113, 0
30.930930930930934, -2.3310223563428645, 0
31.031031031031034, -1.8773114438584393, 0
31.131131131131134, -1.4048055160626458, 0
31.231231231231234, -0.9182351445272317, 0
31.331331331331334, -0.42247170933832207, 0
31.431431431431434, 0.07752137153437143, 0
31.531531531531535, 0.5767383343208978, 0
31.631631631631635, 1.070181185486427, 0
31.731731731731735, 1.5529097399736083, 0
31.831831831831835, 2.02009108068576, 0
31.931931931931935, 2.4670479440390487, 0
32.032032032032035, 2.8893055471636813, 0
32.132132132132135, 3.282636387935791, 0
32.232232232232235, 3.643102569317074, 0
32.332332332332335, 3.9670952242650075, 0
32.432432432432435, 4.25137064650462, 0
32.532532532532535, 4.493082765432593, 0
32.632632632632635, 4.689811640025793, 0
32.732732732732735, 4.839587686482732, 0
32.832832832832835, 4.940911397038919, 0
32.932932932932935, 4.992768352537885, 0
33.033033033033036, 4.994639378457047, 0
33.133133133133136, 4.94650574270967, 0
33.233233233233236, 4.848849343184259, 0
33.333333333333336, 4.702647883143817, 0
33.433433433433436, 4.509365082787245, 0
33.533533533533536, 4.270936024971473, 0
33.633633633633636, 3.9897477818080453, 0
33.733733733733736, 3.668615516094231, 0
33.833833833833836, 3.3107542968431183, 0
33.933933933933936, 2.9197469110862206, 0
34.034034034034036, 2.49950799420607, 0
34.134134134134136, 2.0542448379139246, 0
34.234234234234236, 1.5884152682500383, 0
34.334334334334336, 1.1066830153178864, 0
34.434434434434436, 0.6138710215756635, 0
34.53453453453454, 0.1149131561468511, 0
34.63463463463464, -0.385195181429949, 0
34.73473473473474, -0.8814470734731505, 0
34.83483483483484, -1.3688742117461203, 0
34.93493493493494, -1.842596638500245, 0
35.03503503503504, -2.297871602982415, 0
35.13513513513514, -2.7301410442718805, 0
35.23523523523524, -3.135077225064184, 0
35.33533533533534, -3.5086260595319487, 0
35.43543543543544, -3.8470477014784583, 0
35.53553553553554, -4.146953986428985, 0
35.63563563563564, -4.405342352802143, 0
35.73573573573574, -4.619625902553847, 0
35.83583583583584, -4.78765930033671, 0
35.93593593593594, -4.90776025188119, 0
36.03603603603604, -4.978726346564067, 0
36.13613613613614, -4.9998470955420995, 0
36.23623623623624, -4.9709110449290765, 0
36.33633633633634, -4.892207892801522, 0
36.43643643643644, -4.7645255888382865, 0
36.53653653653654, -4.589142445631472, 0
36.63663663663664, -4.367814340647607, 0
36.73673673673674, -4.102757136968769, 0
36.83683683683684, -3.796624498811319, 0
36.93693693693694, -3.452481323925869, 0
37.03703703703704, -3.073773058864421, 0
37.13713713713714, -2.6642912043199765, 0
37.23723723723724, -2.2281353558876456, 0
37.33733733733734, -1.7696721602824674, 0
37.43743743743744, -1.2934915979305919, 0
37.53753753753754, -0.8043610296179229, 0
37.63763763763764, -0.3071774672658286, 0
37.73773773773774, 0.19308145331702503, 0
37.83783783783784, 0.6914073068622772, 0
37.93793793793794, 1.1828110213232654, 0
38.03803803803804, 1.6623728267984248, 0
38.13813813813814, 2.1252915106247525, 0
38.23823823823824, 2.5669324855157876, 0
38.33833833833834, 2.9828741895019584, 0
38.43843843843844, 3.3689523531325936, 0
38.53853853853854, 3.721301690751143, 0
38.63863863863864, 4.036394598444492, 0
38.73873873873874, 4.311076471235412, 0
38.83883883883884, 4.542597285934226, 0
38.93893893893894, 4.7286391334527, 0
39.03903903903904, 4.867339424935849, 0
39.13913913913914, 4.957309539379605, 0
39.23923923923924, 4.997648726040631, 0
39.33933933933934, 4.987953122451978, 0
39.43943943943944, 4.9283197977592605, 0
39.53953953953954, 4.8193457808967715, 0
39.63963963963964, 4.662122083333159, 0
39.73973973973974, 4.458222776228904, 0
39.83983983983984, 4.2096892313614696, 0
39.93993993993994, 3.919009683592712, 0
40.04004004004004, 3.5890943194923097, 0
40.14014014014014, 3.223246141521577, 0
40.24024024024024, 2.825127899475757, 0
40.34034034034034, 2.3987254202561155, 0
40.44044044044044, 1.9483077031019396, 0
40.54054054054054, 1.4783841797956445, 0
40.64064064064064, 0.9936595677375355, 0
40.74074074074074, 0.49898676788617974, 0
40.84084084084084, -0.0006817208655300422, 0
40.94094094094094, -0.5003433844555717, 0
41.04104104104104, -0.9949957771531627, 0
41.14114114114114, -1.4796866043750194, 0
41.24124124124124, -1.9495633034050743, 0
41.34134134134134, -2.39992162563204, 0
41.44144144144144, -2.8262527339156804, 0
41.54154154154154, -3.2242883435586873, 0
41.64164164164164, -3.5900434549478177, 0
41.74174174174174, -3.9198562500393708, 0
41.84184184184184, -4.210424753258695, 0
41.94194194194194, -4.458839889777066, 0
42.04204204204204, -4.662614610197476, 0
42.14214214214214, -4.819708790062742, 0
42.24224224224224, -4.928549654900328, 0
42.34234234234234, -4.988047526315201, 0
42.44244244244244, -4.9976067314860515, 0
42.54254254254254, -4.9571315668426825, 0
42.64264264264264, -4.8670272562181935, 0
42.74274274274275, -4.7281958938832656, 0
42.84284284284285, -4.542027413079584, 0
42.94294294294295, -4.310385670472293, 0
43.04304304304305, -4.035589785839466, 0
43.14314314314315, -3.7203909238192736, 0
43.24324324324325, -3.3679447501682813, 0
43.34334334334335, -2.9817798382896274, 0
43.44344344344345, -2.5657623423343545, 0
43.54354354354355, -2.1240572905570203, 0
43.64364364364365, -1.6610868864435855, 0
43.74374374374375, -1.1814862350867554, 0
43.84384384384385, -0.690056938061529, 0
43.94394394394395, -0.19171902139356187, 0
44.04404404404405, 0.30853832209852705, 0
44.14414414414415, 0.805706682935683, 0
44.24424424424425, 1.2948085775017315, 0
44.34434434434435, 1.7709472809472813, 0
44.44444444444445, 2.2293558515638208, 0
44.54454454454455, 2.6654448558123454, 0
44.64464464464465, 3.0748483161994655, 0
44.74474474474475, 3.453467421986197, 0
44.84484484484485, 3.797511565112424, 0
44.94494494494495, 4.103536290499051, 0
45.04504504504505, 4.368477780782091, 0
45.14514514514515, 4.589683530229066, 0
45.24524524524525, 4.764938900740676, 0
45.34534534534535, 4.892489294067952, 0
45.44544544544545, 4.9710577182640305, 0
45.54554554554555, 4.999857572501126, 0
45.64564564564565, 4.978600522255351, 0
45.74574574574575, 4.9074993860156955, 0
45.84584584584585, 4.787266004616374, 0
45.94594594594595, 4.619104114524094, 0
46.04604604604605, 4.404697296430495, 0
46.14614614614615, 4.146192119804438, 0
46.24624624624625, 3.8461766521552585, 0
46.34634634634635, 3.5076545481650627, 0
46.44644644644645, 3.1340149781010136, 0
46.54654654654655, 2.72899869657432, 0
46.64664664664665, 2.2966605913541636, 0
46.74674674674675, 1.8413290871853492, 0
46.84684684684685, 1.3675628110450884, 0
46.94694694694695, 0.8801049526919035, 0
47.04704704704705, 0.3838357774335929, 0
47.14714714714715, -0.11627623345943165, 0
47.24724724724725, -0.6152241255295683, 0
47.34734734734735, -1.1080125990881522, 0
47.44744744744745, -1.5897080204879266, 0
47.54754754754755, -2.0554878160157006, 0
47.64764764764765, -2.500688753890029, 0
47.74774774774775, -2.9208536309806816, 0
47.84784784784785, -3.311775896838049, 0
47.94794794794795, -3.669541768271612, 0
48.04804804804805, -3.990569412840366, 0
48.14814814814815, -4.2716448089631935, 0
48.24824824824825, -4.509953923629716, 0
48.34834834834835, -4.703110885559147, 0
48.44844844844845, -4.849181871746869, 0
48.54854854854855, -4.946704468254628, 0
48.64864864864865, -4.994702311410554, 0
48.74874874874875, -4.992694862836225, 0
48.84884884884885, -4.940702220436445, 0
48.94894894894895, -4.839244917185742, 0
49.04904904904905, -4.689338709726032, 0
49.14914914914915, -4.492484408950304, 0
49.24924924924925, -4.250652854385101, 0
49.34934934934935, -3.966265182803277, 0
49.44944944944945, -3.6421685886110833, 0
49.54954954954955, -3.281607818688497, 0
49.64964964964965, -2.8881926870669314, 0
49.74974974974975, -2.465861934676531, 0
49.84984984984985, -2.018843795987183, 0
49.94994994994995, -1.5516136673368868, 0
50.050050050050054, -1.0688493007580195, 0
50.150150150150154, -0.5753839718859681, 0
50.250250250250254, -0.07615809081737411, 0
50.350350350350354, 0.4238302596260696, 0
50.450450450450454, 0.9195753630338905, 0
50.550550550550554, 1.4061139849680475, 0
50.650650650650654, 1.8785750632088225, 0
50.750750750750754, 2.332228475203235, 0
50.850850850850854, 2.762532394472583, 0
50.950950950950954, 3.165178761862552, 0
51.051051051051054, 3.536136416392946, 0
51.151151151151154, 3.8716914538953437, 0
51.251251251251254, 4.168484409381507, 0
51.351351351351354, 4.423543890885057, 0
51.451451451451454, 4.634316328045651, 0
51.551551551551555, 4.7986915376027515, 0
51.651651651651655, 4.915023849845804, 0
51.751751751751755, 4.982148584509863, 0
51.851851851851855, 4.999393711165505, 0
51.951951951951955, 4.966586577363077, 0
52.052052052052055, 4.88405563717138, 0
52.152152152152155, 4.752627162805201, 0
52.252252252252255, 4.573616972263809, 0
52.352352352352355, 4.348817255800519, 0
52.452452452452455, 4.080478633112312, 0
52.552552552552555, 3.7712876208869526, 0
52.652652652652655, 3.424339736294981, 0
52.752752752752755, 3.0431085057054403, 0
52.852852852852855, 2.6314106888997433, 0
52.952952952952955, 2.193368066947214, 0
53.053053053053056, 1.7333661763093502, 0
53.153153153153156, 1.2560104023131748, 0
53.253253253253256, 0.7660798715711528, 0
53.353353353353356, 0.2684796049613739, 0
53.453453453453456, -0.23180858980361185, 0
53.553553553553556, -0.7297759943721074, 0
53.653653653653656, -1.2204371253689135, 0
53.753753753753756, -1.6988796473901482, 0
53.853853853853856, -2.1603135536650027, 0
53.953953953953956, -2.60011912200407, 0
54.054054054054056, -3.013893165915305, 0
54.154154154154156, -3.3974931178368903, 0
54.254254254254256, -3.7470785031403913, 0
54.354354354354356, -4.059149389680344, 0
54.454454454454456, -4.330581427946206, 0
54.55455455455456, -4.558657131006393, 0
54.65465465465466, -4.741093081080018, 0
54.75475475475476, -4.876062790353246, 0
54.85485485485486, -4.962214987165396, 0
54.95495495495496, -4.998687144489591, 0
55.05505505505506, -4.985114115265343, 0
55.15515515515516, -4.921631788128991, 0
55.25525525525526, -4.808875726942053, 0
55.35535535535536, -4.647974807738065, 0
55.45545545545546, -4.44053991679269, 0
55.55555555555556, -4.188647822968219, 0
55.65565565565566, -3.8948203857971944, 0
55.75575575575576, -3.5619993074668557, 0
55.85585585585586, -3.193516681479125, 0
55.95595595595596, -2.7930616328431053, 0
56.05605605605606, -2.3646433837873473, 0
56.15615615615616, -1.9125511147656398, 0
56.25625625625626, -1.4413110226145345, 0
56.35635635635636, -0.9556410057819884, 0
56.45645645645646, -0.46040343030348385, 0
56.55655655655656, 0.03944355058309482, 0
56.65665665665666, 0.5388956358120727, 0
56.75675675675676, 1.0329524778812367, 0
56.85685685685686, 1.516667744661331, 0
56.95695695695696, 1.9851986404216753, 0
57.05705705705706, 2.4338543902839334, 0
57.15715715715716, 2.8581432026938685, 0
57.25725725725726, 3.253817239738504, 0
57.35735735735736, 3.616915145080886, 0
57.45745745745746, 3.943801703736968, 0
57.55755755755756, 4.2312042366341736, 0
57.65765765765766, 4.476245365581474, 0
57.75775775775776, 4.676471820619031, 0
57.85785785785786, 4.829879001337847, 0
57.95795795795796, 4.934931046269695, 0
58.05805805805806, 4.990576209419289, 0
58.15815815815816, 4.996257389993991, 0
58.25825825825826, 4.9519177099109255, 0
58.35835835835836, 4.858001083241349, 0
58.45845845845846, 4.7154477718912045, 0
58.55855855855856, 4.525684972012879, 0
58.65865865865866, 4.290612525393901, 0
58.75875875875876, 4.01258389887534, 0
58.85885885885886, 3.6943826222276606, 0
58.95895895895896, 3.3391944203801267, 0
59.05905905905906, 2.9505753190065716, 0
59.15915915915916, 2.5324160427837668, 0
59.25925925925926, 2.0889030627551355, 0
59.35935935935936, 1.624476682780592, 0
59.45945945945946, 1.143786584696991, 0
59.55955955955956, 0.6516452772561749, 0
59.65965965965966, 0.15297991489432888, 0
59.75975975975976, -0.3472170312929806, 0
59.85985985985987, -0.8439377565043815, 0
59.95995995995997, -1.3322092587020413, 0
60.06006006006007, -1.8071431266477145, 0
60.16016016016017, -2.263984481043601, 0
60.26026026026027, -2.6981595787961794, 0
60.36036036036037, -3.1053216038048115, 0
60.46046046046047, -3.4813941858330724, 0
60.56056056056057, -3.8226122117663897, 0
60.66066066066067, -4.125559520667317, 0
60.76076076076077, -4.387203105238127, 0
60.86086086086087, -4.6049234772771035, 0
60.96096096096097, -4.776540893119734, 0
61.06106106106107, -4.900337176504424, 0
61.16116116116117, -4.975072920379498, 0
61.26126126126127, -4.999999895432748, 0
61.36136136136137, -4.974868541113461, 0
61.46146146146147, -4.899930464149317, 0
61.56156156156157, -4.775935919543849, 0
61.66166166166167, -4.604126299273869, 0
61.76176176176177, -4.386221703887522, 0
61.86186186186187, -4.1244037214319595, 0
61.96196196196197, -3.8212935861222834, 0
62.06206206206207, -3.479925935419855, 0
62.16216216216217, -3.1037184282553487, 0
62.26226226226227, -2.696437528568745, 0
62.36236236236237, -2.262160796730053, 0
62.46246246246247, -1.8052360663664422, 0
62.56256256256257, -1.3302379153037822, 0
62.66266266266267, -0.8419218664209761, 0
62.76276276276277, -0.3451767769428411, 0
62.86286286286287, 0.15502410716595771, 0
62.96296296296297, 0.6536729416788584, 0
63.06306306306307, 1.1457774209715987, 0
63.16316316316317, 1.6264107593191155, 0
63.26326326326327, 2.0907610162290893, 0
63.36336336336337, 2.534179271983372, 0
63.46346346346347, 2.9522261710698503, 0
63.56356356356357, 3.3407163675274685, 0
63.66366366366367, 3.69576042723243, 0
63.76376376376377, 4.013803767613899, 0
63.86386386386387, 4.291662244947774, 0
63.96396396396397, 4.52655403294041, 0
64.06406406406407, 4.716127473444581, 0
64.16416416416416, 4.858484620475574, 0
64.26426426426427, 4.952200241812687, 0
64.36436436436436, 4.996336087948221, 0
64.46446446446447, 4.99045028552835, 0
64.56456456456456, 4.934601761241541, 0
64.66466466466467, 4.829349651864214, 0
64.76476476476476, 4.6757477063701085, 0
64.86486486486487, 4.475333736147305, 0
64.96496496496496, 4.2301142189442755, 0
65.06506506506507, 3.94254421068444, 0
65.16516516516516, 3.6155027662663173, 0
65.26526526526527, 3.252264115426921, 0
65.36536536536536, 2.8564648822473186, 0
65.46546546546547, 2.432067676486252, 0
65.56556556556556, 1.9833214212548533, 0
65.66566566566567, 1.514718814216768, 0
65.76576576576576, 1.030951348199832, 0
65.86586586586587, 0.5368623415359178, 0
65.96596596596596, 0.0373984483756033, 0
66.06606606606607, -0.4624398655619739, 0
66.16616616616616, -0.9576483859815972, 0
66.26626626626627, -1.4432692505350697, 0
66.36636636636636, -1.914440585282977, 0
66.46646646646647, -2.3664451801536566, 0
66.56656656656656, -2.7947577160747543, 0
66.66666666666667, -3.195090070957206, 0
66.76676676676676, -3.56343425094124, 0
66.86686686686687, -3.896102517093017, 0
66.96696696696696, -4.189764305815026, 0
67.06706706706707, -4.4414795733370696, 0
67.16716716716716, -4.648728230452429, 0
67.26726726726727, -4.809435372809791, 0
67.36736736736736, -4.921992054162531, 0
67.46746746746747, -4.985271394601468, 0
67.56756756756756, -4.9986398625001, 0
67.66766766766767, -4.961963617221778, 0
67.76776776776777, -4.875609849087448, 0
67.86786786786787, -4.740443103188733, 0
67.96796796796797, -4.557816623851255, 0
68.06806806806807, -4.329558806404164, 0
68.16816816816817, -4.057954891896841, 0
68.26826826826827, -3.745724088028334, 0
68.36836836836838, -3.395992345348113, 0
68.46846846846847, -3.0122610612828855, 0
68.56856856856858, -2.5983720253145455, 0
68.66866866866867, -2.158468956267105, 0
68.76876876876878, -1.6969560167770212, 0
68.86886886886887, -1.218453720287991, 0
68.96896896896898, -0.7277526720126999, 0
69.06906906906907, -0.22976560699363174, 0
69.16916916916918, 0.2705217945602886, 0
69.26926926926927, 0.7681008222385871, 0
69.36936936936938, 1.2579898809659444, 0
69.46946946946947, 1.7352843650680947, 0
69.56956956956958, 2.1952057615466614, 0
69.66966966966967, 2.633149490955136, 0
69.76976976976978, 3.0447310069112743, 0
69.86986986986987, 3.425829692710906, 0
69.96996996996998, 3.7726301155669058, 0
70.07007007007007, 4.0816602254477905, 0
70.17017017017018, 4.349826116083654, 0
70.27027027027027, 4.574443000122287, 0
70.37037037037038, 4.753262088323952, 0
70.47047047047047, 4.8844931036881025, 0
70.57057057057058, 4.966822205109097, 0
70.67067067067067, 4.999425141114502, 0
70.77077077077078, 4.981975501995684, 0
70.87087087087087, 4.914647987712791, 0
70.97097097097098, 4.798116658857062, 0
71.07107107107107, 4.633548188181344, 0
71.17117117117118, 4.422590180261933, 0
71.27127127127127, 4.1673546762318985, 0
71.37137137137138, 3.870397008730271, 0
71.47147147147147, 3.534690218765209, 0
71.57157157157158, 3.163595290619841, 0
71.67167167167167, 2.7608275028002884, 0
71.77177177177178, 2.3304192319074306, 0
71.87187187187187, 1.8766795818293123, 0
71.97197197197198, 1.404151242431406, 0
72.07207207207207, 0.917565009663071, 0
72.17217217217218, 0.4217924224076619, 0
72.27227227227228, -0.07820300973753559, 0
72.37237237237238, -0.5774154994625567, 0
72.47247247247248, -1.070847098015228, 0
72.57257257257258, -1.5535577329957417, 0
72.67267267267268, -2.0207146667113958, 0
72.77277277277278, -2.467640879933189, 0
72.87287287287288, -2.889861896650083, 0
72.97297297297298, -3.283150581029228, 0
73.07307307307308, -3.6435694580879385, 0
73.17317317317318, -3.9675101343788755, 0
73.27327327327328, -4.251729424019934, 0
73.37337337337338, -4.493381818388709, 0
73.47347347347348, -4.69004797440434, 0
73.57357357357358, -4.839758936182854, 0
73.67367367367368, -4.941015847565783, 0
73.77377377377378, -4.992804958167706, 0
73.87387387387388, -4.994607772706479, 0
73.97397397397398, -4.946406242004929, 0
74.07407407407408, -4.848682943693187, 0
74.17417417417418, -4.702416250802537, 0
74.27427427427428, -4.5090705366214365, 0
74.37437437437438, -4.270581513878963, 0
74.47447447447448, -3.989336855035554, 0
74.57457457457458, -3.6681522877033457, 0
74.67467467467468, -3.3102434045218567, 0
74.77477477477478, -2.9191934697178556, 0
74.87487487487488, -2.4989175446608365, 0
74.97497497497498, -2.0536232915754473, 0
75.07507507507508, -1.5877688478327778, 0
75.17517517517518, -1.106018192567143, 0
75.27527527527528, -0.613194452474892, 0
75.37537537537538, -0.1142316142799008, 0
75.47547547547548, 0.38587487269341336, 0
75.57557557557558, 0.8821181092912295, 0
75.67567567567568, 1.3695298739322035, 0
75.77577577577578, 1.8432303627835296, 0
75.87587587587588, 2.298477044726921, 0
75.97597597597598, 2.730712141997092, 0
76.07607607607608, 3.1356082611303155, 0
76.17617617617618, 3.5091117173832833, 0
76.27627627627628, 3.8474831188707066, 0
76.37637637637638, 4.147334804108653, 0
76.47647647647648, 4.405664758149746, 0
76.57657657657658, 4.619886667754732, 0
76.67667667667668, 4.787855814696734, 0
76.77677677677679, 4.907890547964219, 0
76.87687687687688, 4.978789119889213, 0
76.97697697697699, 4.999841717643798, 0
77.07707707707708, 4.97083756964905, 0
77.17717717717719, 4.892067055749733, 0
77.27727727727728, 4.764318800028284, 0
77.37737737737739, 4.588871775363749, 0
77.47747747747748, 4.367482498782532, 0
77.57757757757759, 4.102367445796253, 0
77.67767767767768, 3.796180859789298, 0
77.77777777777779, 3.451988178620047, 0
77.87787787787788, 3.073235344480981, 0
77.97797797797799, 2.6637143042757194, 0
78.07807807807808, 2.2275250459132376, 0
78.17817817817819, 1.769034550597517, 0
78.27827827827828, 1.2928330720704224, 0
78.37837837837839, 0.8036881805234857, 0
78.47847847847848, 0.3064970312776517, 0
78.57857857857859, -0.193762663901107, 0
78.67867867867868, -0.6920824719892928, 0
78.77877877877879, -1.1834733814654816, 0
78.87887887887888, -1.6630157506272016, 0
78.97897897897899, -2.1259085614014657, 0
79.07907907907908, -2.56751748553404, 0
79.17917917917919, -2.983421281936969, 0
79.27927927927928, -3.3694560606775292, 0
79.37937937937939, -3.7217569704543116, 0
79.47947947947948, -4.036796892197484, 0
79.57957957957959, -4.311421751407546, 0
79.67967967967968, -4.542882095695679, 0
79.77977977977979, -4.72886062138327, 0
79.87987987987988, -4.867495373572312, 0
79.97997997997999, -4.957398387416302, 0
80.08008008008008, -4.997669583960677, 0
80.18018018018019, -4.987905781432847, 0
80.28028028028028, -4.928204731763429, 0
80.38038038038039, -4.819164141926558, 0
80.48048048048048, -4.6618756898972995, 0
80.58058058058059, -4.457914095136178, 0
80.68068068068068, -4.2093213530239355, 0
80.78078078078079, -3.9185862910854077, 0
80.88088088088088, -3.588619651679683, 0
80.98098098098099, -3.222724950619221, 0
81.08108108108108, -2.824565403473005, 0
81.18118118118119, -2.398127250675062, 0
81.28128128128128, -1.9476798486167548, 0
81.38138138138139, -1.4777329262757177, 0
81.48148148148148, -0.9929914353157119, 0
81.58158158158159, -0.4983084456810969, 0
81.68168168168168, 0.0013634417183870755, 0
81.78178178178179, 0.5010216787947324, 0
81.88188188188188, 0.9956638541221264, 0
81.98198198198199, 1.4803377754103242, 0
82.08208208208208, 1.9501910491996832, 0
82.18218218218219, 2.400519661404737, 0
82.28228228228228, 2.826815072331941, 0
82.38238238238239, 3.2248093546741203, 0
82.48248248248248, 3.5905179225730555, 0
82.58258258258259, 3.92027942396303, 0
82.68268268268268, 4.210792396804715, 0
82.78278278278279, 4.459148322221061, 0
82.88288288288288, 4.662860743616778, 0
82.98298298298299, 4.819890160251769, 0
83.08308308308308, 4.928664446041292, 0
83.18318318318319, 4.98809458915754, 0
83.28328328328328, 4.997585594852299, 0
83.38338338338339, 4.957042442345756, 0
83.48348348348348, 4.866871036142805, 0
83.58358358358359, 4.72797414225264, 0
83.68368368368368, 4.541742349997016, 0
83.78378378378379, 4.310040149894149, 0
83.88388388388388, 4.035187267002435, 0
83.98398398398399, 3.7199354366075026, 0
84.08408408408408, 3.3674408547676875, 0
84.18418418418419, 2.981232579532651, 0
84.28428428428428, 2.5651771991929873, 0
84.38438438438439, 2.123440121288945, 0
84.48448448448448, 1.6604438699414952, 0
84.58458458458459, 1.180823809017089, 0
84.68468468468468, 0.6893817344129699, 0
84.78478478478479, 0.1910378000795079, 0
84.88488488488488, -0.3092187409176797, 0
84.98498498498499, -0.8063794871339903, 0
85.08508508508508, -1.2954670311881507, 0
85.18518518518519, -1.77158479190344, 0
85.28528528528528, -2.229966037242835, 0
85.38538538538539, -2.6660216072390117, 0
85.4854854854855, -3.0753858591310825, 0
85.58558558558559, -3.4539603747223717, 0
85.6856856856857, -3.7979549923750175, 0
85.78578578578579, -4.103925752842331, 0
85.8858858858859, -4.368809379039167, 0
85.98598598598599, -4.589953944548879, 0
86.0860860860861, -4.76514542382538, 0
86.18618618618619, -4.892629858277361, 0
86.2862862862863, -4.971130916316233, 0
86.38638638638639, -4.999862671561657, 0
86.4864864864865, -4.97853747127412, 0
86.58658658658659, -4.907368816238079, 0
86.6866866866867, -4.787069223263373, 0
86.78678678678679, -4.618843091704926, 0
86.8868868868869, -4.404374645418439, 0
86.98698698698699, -4.145811070873722, 0
87.0870870870871, -3.8457410202404994, 0
87.18718718718719, -3.507168694667571, 0
87.2872872872873, -3.133483767223722, 0
87.38738738738739, -2.728427446623207, 0
87.4874874874875, -2.296055021492931, 0
87.58758758758759, -1.8406952601773008, 0
87.6876876876877, -1.3669070725545178, 0
87.78778778778779, -0.8794338677536849, 0
87.8878878878879, -0.38315606472597197, 0
87.98798798798799, 0.11695776887972265, 0
88.0880880880881, 0.6159006603575479, 0
88.18818818818819, 1.1086773600829583, 0
88.2882882882883, 1.5903543522845225, 0
88.38838838838839, 2.0561092477558924, 0
88.4884884884885, 2.5012790640068046, 0
88.58858858858859, 2.9214069094862043, 0
88.6886886886887, 3.312286604492728, 0
88.78878878878879, 3.6700047920408885, 0
88.8888888888889, 3.9909801170849226, 0
88.988988988989, 4.271999081849231, 0
89.0890890890891, 4.510248218295433, 0
89.1891891891892, 4.703342255624589, 0
89.2892892892893, 4.849348000812225, 0
89.3893893893894, 4.94680369309115, 0
89.4894894894895, 4.994733638612323, 0
89.5895895895896, 4.992657978765752, 0
89.6896896896897, 4.940597494364727, 0
89.7897897897898, 4.839073397595247, 0
89.8898898898899, 4.689102113813611, 0
89.98998998999, 4.492185105435253, 0
90.0900900900901, 4.250293839794239, 0
90.1901901901902, 3.9658500514708446, 0
90.2902902902903, 3.641701496693319, 0
90.3903903903904, 3.28109344255376, 0
90.4904904904905, 2.887636176477271, 0
90.5905905905906, 2.4652688612302005, 0
90.6906906906907, 2.018220097337429, 0
90.7907907907908, 1.5509655877463921, 0
90.8908908908909, 1.068183328583173, 0
90.990990990991, 0.5747067746178743, 0
91.0910910910911, 0.075476448328884, 0
91.1911911911912, -0.42450952295790206, 0
91.2912912912913, -0.9202454466514743, 0
91.3913913913914, -1.4067681802178857, 0
91.4914914914915, -1.879206820506588, 0
91.5915915915916, -2.3328314696057513, 0
91.6916916916917, -2.7631005890013025, 0
91.7917917917918, -3.165706467943526, 0
91.8918918918919, -3.536618350809154, 0
91.991991991992, -3.872122791680288, 0
92.0920920920921, -4.168860832125358, 0
92.1921921921922, -4.42386162996896, 0
92.2922922922923, -4.634572202372029, 0
92.3923923923924, -4.798882985443261, 0
92.4924924924925, -4.915148954488615, 0
92.5925925925926, -4.982206093449053, 0
92.6926926926927, -4.999383048640782, 0
92.7927927927928, -4.966507850124081, 0
92.8928928928929, -4.883909633408931, 0
92.992992992993, -4.752415344260231, 0
93.0930930930931, -4.573341459592839, 0
93.1931931931932, -4.3484808073444405, 0
93.2932932932933, -4.080084617280686, 0
93.3933933933934, -3.77083998243476, 0
93.4934934934935, -3.4238429568288833, 0
93.5935935935936, -3.0425675588156214, 0
93.6936936936937, -2.630830990365778, 0
93.7937937937938, -2.1927554205173125, 0
93.8938938938939, -1.7327267155949333, 0
93.993993993994, -1.2553505293814555, 0
94.0940940940941, -0.7654061928495122, 0
94.1941941941942, -0.26779886509629114, 0
94.2942942942943, 0.23248957547198829, 0
94.3943943943944, 0.7304504080425871, 0
94.4944944944945, 1.221098215037095, 0
94.5945945945946, 1.699520794446954, 0
94.6946946946947, 2.1609283391602556, 0
94.7947947947948, 2.600701390910615, 0
94.8948948948949, 3.0144370887513383, 0
94.994994994995, 3.3979932490285463, 0
95.0950950950951, 3.7475298355412328, 0
95.1951951951952, 4.059547404701033, 0
95.2952952952953, 4.3309221407933025, 0
95.3953953953954, 4.558937130576604, 0
95.4954954954955, 4.741309564111172, 0
95.5955955955956, 4.8762135894895025, 0
95.6956956956957, 4.962298592656171, 0
95.7957957957958, 4.998702719304619, 0
95.8958958958959, 4.985061503474778, 0
95.995995995996, 4.921511516464518, 0
96.0960960960961, 4.808688999523404, 0
96.1961961961962, 4.647723494017824, 0
96.2962962962963, 4.44022653283988, 0
96.3963963963964, 4.188275506278362, 0
96.4964964964965, 3.89439286388063, 0
96.5965965965966, 3.5615208605303, 0
96.6966966966967, 3.192992099573497, 0
96.7967967967968, 2.7924961679073315, 0
96.8968968968969, 2.364042697067488, 0
96.996996996997, 1.9119212201366176, 0
97.0970970970971, 1.440658226370978, 0
97.1971971971972, 0.9549718435019765, 0
97.2972972972973, 0.45972460141625066, 0
97.3973973973974, -0.04012524986933197, 0
97.4974974974975, -0.539573380551761, 0
97.5975975975976, -1.033619482720282, 0
97.6976976976977, -1.5173173317700774, 0
97.7977977977978, -1.9858243063508307, 0
97.8978978978979, -2.4344498710752, 0
97.997997997998, -2.858702536592342, 0
98.0980980980981, -3.2543348268800227, 0
98.1981981981982, -3.6173858035557656, 0
98.2982982982983, -3.9442207214697667, 0
98.3983983983984, -4.231567418559225, 0
98.4984984984985, -4.476549075642654, 0
98.5985985985986, -4.676713018172588, 0
98.6986986986987, -4.830055271594441, 0
98.7987987987988, -4.935040624470359, 0
98.8988988988989, -4.990617998503677, 0
98.998998998999, -4.996230971583741, 0
99.0990990990991, -4.951823348498337, 0
99.1991991991992, -4.857839723541385, 0
99.2992992992993, -4.715221029383284, 0
99.3993993993994, -4.525395116767303, 0
99.4994994994995, -4.290262459344569, 0
99.5995995995996, -4.012177126766682, 0
99.6996996996997, -3.6939232165261586, 0
99.7997997997998, -3.3386869805023087, 0
99.8998998998999, -2.9500249252710002, 0
100.0, -2.531828205548794, 0
